MODEL	EPOCH	TIMESTAMP	BAD_EPOCHS	LEARNING_RATE	TRAIN_LOSS	DEV_LOSS	DEV_PRECISION	DEV_RECALL	DEV_F1
bert-ner	1	23:58:30	0	0.1000	10.108754252089456	18.132732391357422	0.0000	0.0000	0.0000
bert-ner	2	00:00:03	0	0.1000	4.523071545474934	2.7146108150482178	0.7646	0.7769	0.7707
bert-ner	3	00:01:35	0	0.1000	3.3946976901600197	2.262702703475952	0.7809	0.8111	0.7957
bert-ner	4	00:03:09	0	0.1000	2.8981126254459597	2.0619287490844727	0.7935	0.8257	0.8092
bert-ner	5	00:04:42	0	0.1000	2.6216832166947657	1.83480966091156	0.8153	0.8315	0.8233
bert-ner	6	00:06:21	0	0.1000	2.423892916373487	1.7409361600875854	0.8134	0.8434	0.8281
bert-ner	7	00:07:54	0	0.1000	2.280927673075934	1.6525437831878662	0.8239	0.8474	0.8355
bert-ner	8	00:09:27	0	0.1000	2.175426345201408	1.6523022651672363	0.8136	0.8638	0.8380
bert-ner	9	00:11:00	1	0.1000	2.0879013733294025	1.6515872478485107	0.8136	0.8608	0.8366
bert-ner	10	00:12:31	0	0.1000	2.015883794370687	1.5297973155975342	0.8227	0.8656	0.8436
bert-ner	11	00:14:10	0	0.1000	1.9504927569215402	1.4811291694641113	0.8304	0.8646	0.8472
bert-ner	12	00:15:42	1	0.1000	1.8893737830455948	1.4916828870773315	0.8255	0.8675	0.8460
bert-ner	13	00:17:13	0	0.1000	1.8474119444313288	1.4682964086532593	0.8247	0.8726	0.8480
bert-ner	14	00:18:46	1	0.1000	1.80298953236274	1.5327460765838623	0.8207	0.8747	0.8468
bert-ner	15	00:20:16	2	0.1000	1.7634200142614496	1.5594637393951416	0.8157	0.8826	0.8478
bert-ner	16	00:21:52	0	0.1000	1.7391855304346144	1.4307284355163574	0.8276	0.8803	0.8531
bert-ner	17	00:23:25	1	0.1000	1.6985148213944345	1.450585126876831	0.8243	0.8839	0.8531
bert-ner	18	00:24:55	0	0.1000	1.659901553729795	1.3357648849487305	0.8424	0.8694	0.8557
bert-ner	19	00:26:28	0	0.1000	1.6377734223251823	1.3863565921783447	0.8316	0.8830	0.8565
bert-ner	20	00:28:02	0	0.1000	1.6176374288474988	1.318852186203003	0.8407	0.8808	0.8603
bert-ner	21	00:29:41	1	0.1000	1.5919873976857408	1.3598136901855469	0.8345	0.8821	0.8576
bert-ner	22	00:31:12	2	0.1000	1.5672913819738903	1.5187181234359741	0.8141	0.8943	0.8523
bert-ner	23	00:32:43	3	0.1000	1.5349632891469032	1.3238747119903564	0.8379	0.8831	0.8599
bert-ner	24	00:34:14	0	0.1000	1.5150847719900262	1.2731528282165527	0.8436	0.8810	0.8619
bert-ner	25	00:35:47	1	0.1000	1.4954895043523058	1.2828909158706665	0.8427	0.8812	0.8615
bert-ner	26	00:37:18	2	0.1000	1.476198895172503	1.3229954242706299	0.8320	0.8909	0.8604
bert-ner	27	00:38:54	3	0.1000	1.4669815549310647	1.3390982151031494	0.8322	0.8892	0.8597
bert-ner	28	00:40:24	4	0.1000	1.4347921167529605	1.2549363374710083	0.8421	0.8820	0.8616
bert-ner	29	00:41:54	0	0.0500	1.3956428811235249	1.2490966320037842	0.8422	0.8861	0.8636
bert-ner	30	00:43:27	0	0.0500	1.3870305572665713	1.2310363054275513	0.8458	0.8849	0.8649
bert-ner	31	00:45:00	1	0.0500	1.3710497077905908	1.2400965690612793	0.8427	0.8860	0.8638
bert-ner	32	00:46:36	0	0.0500	1.3609679277587987	1.2184007167816162	0.8468	0.8866	0.8662
bert-ner	33	00:48:08	1	0.0500	1.3417833346240926	1.2757116556167603	0.8352	0.8922	0.8628
bert-ner	34	00:49:38	2	0.0500	1.3424125887312979	1.247652292251587	0.8408	0.8899	0.8647
bert-ner	35	00:51:08	3	0.0500	1.339681367454289	1.2142107486724854	0.8444	0.8873	0.8653
bert-ner	36	00:52:39	4	0.0500	1.3318159475266558	1.2668871879577637	0.8374	0.8932	0.8644
bert-ner	37	00:54:14	0	0.0250	1.3075608907255736	1.1819995641708374	0.8520	0.8839	0.8676
bert-ner	38	00:55:47	1	0.0250	1.3059137332364448	1.216352939605713	0.8434	0.8910	0.8665
bert-ner	39	00:57:17	2	0.0250	1.2978343266361165	1.2173681259155273	0.8435	0.8902	0.8662
bert-ner	40	00:58:47	3	0.0250	1.2963717328677387	1.1906301975250244	0.8474	0.8885	0.8675
bert-ner	41	01:00:18	4	0.0250	1.2899903493857234	1.2182899713516235	0.8419	0.8927	0.8666
bert-ner	42	01:01:54	1	0.0125	1.280757964781995	1.2014436721801758	0.8459	0.8896	0.8672
bert-ner	43	01:03:24	0	0.0125	1.2795427977663916	1.1867233514785767	0.8494	0.8868	0.8677
bert-ner	44	01:04:57	1	0.0125	1.2778327644995924	1.2039692401885986	0.8459	0.8902	0.8675
bert-ner	45	01:06:27	2	0.0125	1.2732260714536943	1.2064263820648193	0.8455	0.8901	0.8672
bert-ner	46	01:07:58	3	0.0125	1.2623691648807165	1.211909532546997	0.8444	0.8916	0.8674
bert-ner	47	01:09:28	0	0.0125	1.2648612313300558	1.2102447748184204	0.8450	0.8918	0.8678
bert-ner	48	01:11:07	0	0.0125	1.2702582077410236	1.203693151473999	0.8459	0.8909	0.8679
bert-ner	49	01:12:39	1	0.0125	1.2624231711873468	1.238438606262207	0.8409	0.8942	0.8667
bert-ner	50	01:14:09	2	0.0125	1.2573968546945344	1.2058732509613037	0.8446	0.8914	0.8674
bert-ner	51	01:15:40	0	0.0125	1.2602898504749034	1.1971499919891357	0.8463	0.8908	0.8680
bert-ner	52	01:17:13	1	0.0125	1.262736196787852	1.2009342908859253	0.8453	0.8917	0.8679
bert-ner	53	01:18:48	2	0.0125	1.2577283086266908	1.2094132900238037	0.8439	0.8921	0.8673
bert-ner	54	01:20:18	0	0.0125	1.2510998361515548	1.1910836696624756	0.8475	0.8917	0.8690
bert-ner	55	01:21:51	0	0.0125	1.2535055557137016	1.1736927032470703	0.8523	0.8866	0.8691
bert-ner	56	01:23:25	1	0.0125	1.2507657989765864	1.2051728963851929	0.8441	0.8924	0.8676
bert-ner	57	01:24:55	2	0.0125	1.2503900872836322	1.1812673807144165	0.8504	0.8879	0.8687
bert-ner	58	01:26:31	3	0.0125	1.2443735502051108	1.201439380645752	0.8446	0.8919	0.8676
bert-ner	59	01:28:01	4	0.0125	1.244802696150054	1.18291437625885	0.8494	0.8893	0.8689
bert-ner	60	01:29:32	1	0.0063	1.2372044808459732	1.1887381076812744	0.8483	0.8895	0.8684
bert-ner	61	01:31:01	2	0.0063	1.234820083627161	1.1853761672973633	0.8483	0.8895	0.8684
bert-ner	62	01:32:32	3	0.0063	1.2388361377536126	1.1978763341903687	0.8459	0.8918	0.8682
bert-ner	63	01:34:08	4	0.0063	1.2387210891681648	1.2038637399673462	0.8446	0.8928	0.8681
bert-ner	64	01:35:39	1	0.0031	1.2260959984371498	1.1921308040618896	0.8464	0.8911	0.8682
bert-ner	65	01:37:10	2	0.0031	1.2316905038911592	1.1980198621749878	0.8459	0.8922	0.8684
bert-ner	66	01:38:40	3	0.0031	1.2250087576092414	1.1951624155044556	0.8457	0.8919	0.8682
bert-ner	67	01:40:10	4	0.0031	1.2372719285623082	1.185133457183838	0.8472	0.8909	0.8685
bert-ner	68	01:41:41	1	0.0016	1.2297785237150372	1.192498803138733	0.8461	0.8921	0.8685
bert-ner	69	01:43:16	2	0.0016	1.231982965889217	1.1907076835632324	0.8464	0.8919	0.8685
bert-ner	70	01:44:47	3	0.0016	1.2258666821245878	1.1897584199905396	0.8468	0.8916	0.8686
bert-ner	71	01:46:17	4	0.0016	1.2277644149162485	1.192328691482544	0.8461	0.8919	0.8684
bert-ner	72	01:47:47	1	0.0008	1.2291237790629548	1.189863920211792	0.8466	0.8917	0.8686
bert-ner	73	01:49:17	2	0.0008	1.2266117360606883	1.1899583339691162	0.8468	0.8919	0.8688
bert-ner	74	01:50:53	3	0.0008	1.2243510004859302	1.1901845932006836	0.8467	0.8918	0.8687
bert-ner	75	01:52:23	4	0.0008	1.2234612905754234	1.1885244846343994	0.8469	0.8915	0.8686
bert-ner	76	01:53:53	1	0.0004	1.2333186317539815	1.1915472745895386	0.8464	0.8918	0.8685
bert-ner	77	01:55:23	2	0.0004	1.2289432253477708	1.188499927520752	0.8467	0.8915	0.8685
bert-ner	78	01:56:54	3	0.0004	1.229040395913634	1.1912219524383545	0.8466	0.8918	0.8686
bert-ner	79	01:58:29	4	0.0004	1.2316544363333743	1.1876270771026611	0.8472	0.8913	0.8687
bert-ner	80	02:00:00	1	0.0002	1.2282847319758914	1.1895763874053955	0.8467	0.8913	0.8684
bert-ner	81	02:01:30	2	0.0002	1.2287710219059351	1.1896986961364746	0.8465	0.8914	0.8684
bert-ner	82	02:03:01	3	0.0002	1.2268169436064906	1.1887857913970947	0.8468	0.8913	0.8685
bert-ner	83	02:04:31	4	0.0002	1.2310160960791245	1.1886072158813477	0.8469	0.8912	0.8685

finbert-char-ner	1	20:02:42	0	0.1000	11.646672165454746	17.59765625	0.0000	0.0000	0.0000
finbert-char-ner	2	20:15:26	0	0.1000	6.472584943351506	4.434054851531982	0.6754	0.6103	0.6412
finbert-char-ner	3	20:28:19	0	0.1000	4.959374456285681	3.62294340133667	0.7230	0.6563	0.6880
finbert-char-ner	4	20:41:06	0	0.1000	4.338643723313913	3.4721288681030273	0.7396	0.6687	0.7023
finbert-char-ner	5	20:54:00	0	0.1000	3.949220894267724	3.071793556213379	0.7215	0.7234	0.7225
finbert-char-ner	6	21:06:48	0	0.1000	3.664319650182184	2.834807872772217	0.7417	0.7313	0.7365
finbert-char-ner	7	21:19:44	0	0.1000	3.474638709482157	2.7134928703308105	0.7620	0.7404	0.7510
finbert-char-ner	8	21:32:40	0	0.1000	3.2938910400342643	2.535559892654419	0.7840	0.7375	0.7600
finbert-char-ner	9	21:45:30	1	0.1000	3.1537311167087196	2.5442535877227783	0.7517	0.7650	0.7583
finbert-char-ner	10	21:58:24	0	0.1000	3.047372575076121	2.3570961952209473	0.7916	0.7505	0.7705
finbert-char-ner	11	22:11:14	1	0.1000	2.945942374895204	2.3736448287963867	0.7762	0.7606	0.7683
finbert-char-ner	12	22:24:09	0	0.1000	2.8575216059414847	2.2662620544433594	0.7935	0.7572	0.7749
finbert-char-ner	13	22:36:59	1	0.1000	2.790833534684571	2.286076068878174	0.7686	0.7745	0.7715
finbert-char-ner	14	22:49:54	0	0.1000	2.7160537542786987	2.2021799087524414	0.7810	0.7800	0.7805
finbert-char-ner	15	23:03:03	1	0.1000	2.662353848511318	2.291876792907715	0.7552	0.7944	0.7743
finbert-char-ner	16	23:16:37	0	0.1000	2.6142925766279115	2.136319637298584	0.7876	0.7811	0.7844
finbert-char-ner	17	23:30:55	1	0.1000	2.5498002805050066	2.1444883346557617	0.7742	0.7894	0.7817
finbert-char-ner	18	23:44:29	2	0.1000	2.5084378764314472	2.201117753982544	0.7617	0.8005	0.7806
finbert-char-ner	19	23:57:30	0	0.1000	2.4582581505085686	2.04805850982666	0.8015	0.7822	0.7917
finbert-char-ner	20	00:10:38	0	0.1000	2.3896082062391364	1.9624828100204468	0.7915	0.7986	0.7950
finbert-char-ner	21	00:23:45	0	0.1000	2.3139978024944567	1.9124292135238647	0.7926	0.8036	0.7980
finbert-char-ner	22	00:36:46	0	0.1000	2.2293928096879205	1.8052476644515991	0.8118	0.8006	0.8062
finbert-char-ner	23	00:49:52	1	0.1000	2.140456234883962	1.8030418157577515	0.7863	0.8268	0.8061
finbert-char-ner	24	01:02:52	0	0.1000	2.0766947082003706	1.7948553562164307	0.7880	0.8299	0.8084
finbert-char-ner	25	01:16:02	0	0.1000	2.0268216995323227	1.773669719696045	0.7913	0.8283	0.8094
finbert-char-ner	26	01:29:07	0	0.1000	1.9865792022561126	1.6997394561767578	0.8007	0.8272	0.8137
finbert-char-ner	27	01:42:16	0	0.1000	1.9647721584488012	1.6336195468902588	0.8142	0.8186	0.8164
finbert-char-ner	28	01:55:18	0	0.1000	1.9289156768306996	1.6861438751220703	0.8008	0.8332	0.8167
finbert-char-ner	29	02:08:27	0	0.1000	1.9129454834656145	1.6343640089035034	0.8045	0.8334	0.8187
finbert-char-ner	30	02:21:31	0	0.1000	1.8850836551414345	1.614358901977539	0.8107	0.8295	0.8200
finbert-char-ner	31	02:35:32	0	0.1000	1.8631717603911393	1.61571204662323	0.8056	0.8351	0.8201
finbert-char-ner	32	02:49:02	0	0.1000	1.828378399213155	1.6029975414276123	0.8057	0.8354	0.8203
finbert-char-ner	33	03:02:40	0	0.1000	1.8191389992551983	1.6081163883209229	0.8067	0.8360	0.8211
finbert-char-ner	34	03:16:26	1	0.1000	1.7977472078875176	1.622573733329773	0.7993	0.8418	0.8200
finbert-char-ner	35	03:30:04	0	0.1000	1.779408610841763	1.5516279935836792	0.8138	0.8347	0.8241
finbert-char-ner	36	03:43:48	1	0.1000	1.7662653833065394	1.5996065139770508	0.8027	0.8425	0.8221
finbert-char-ner	37	03:57:27	2	0.1000	1.7611199257508763	1.5660486221313477	0.8098	0.8368	0.8231
finbert-char-ner	38	04:11:10	3	0.1000	1.7376259220471173	1.5714468955993652	0.8052	0.8406	0.8225
finbert-char-ner	39	04:24:47	0	0.1000	1.7269548387647424	1.559484839439392	0.8067	0.8423	0.8241
finbert-char-ner	40	04:38:31	1	0.1000	1.7058091343573805	1.5312871932983398	0.8160	0.8324	0.8241
finbert-char-ner	41	04:52:07	0	0.1000	1.69465826517381	1.5624136924743652	0.8056	0.8462	0.8254
finbert-char-ner	42	05:05:50	0	0.1000	1.68382154920566	1.5396900177001953	0.8056	0.8471	0.8258
finbert-char-ner	43	05:19:29	0	0.1000	1.6745873457230862	1.5311660766601562	0.8162	0.8390	0.8274
finbert-char-ner	44	05:33:16	1	0.1000	1.6556021297502819	1.5756562948226929	0.7997	0.8499	0.8240
finbert-char-ner	45	05:46:52	0	0.1000	1.634299138057157	1.5011377334594727	0.8152	0.8423	0.8285
finbert-char-ner	46	06:00:13	1	0.1000	1.638147884194956	1.5879218578338623	0.8005	0.8505	0.8247
finbert-char-ner	47	06:13:25	2	0.1000	1.6170651830217373	1.575052261352539	0.7991	0.8504	0.8239
finbert-char-ner	48	06:26:43	0	0.1000	1.608050523314086	1.4862635135650635	0.8180	0.8429	0.8303
finbert-char-ner	49	06:40:00	0	0.1000	1.5864507852110472	1.4691269397735596	0.8193	0.8426	0.8308
finbert-char-ner	50	06:53:12	1	0.1000	1.5793643979906287	1.5415043830871582	0.8060	0.8508	0.8278
finbert-char-ner	51	07:06:28	2	0.1000	1.582319585782177	1.4898929595947266	0.8126	0.8457	0.8288
finbert-char-ner	52	07:19:39	3	0.1000	1.5749373181061175	1.4938348531723022	0.8090	0.8494	0.8287
finbert-char-ner	53	07:32:56	4	0.1000	1.5576514680430573	1.5179790258407593	0.8053	0.8515	0.8277
finbert-char-ner	54	07:46:07	1	0.0500	1.5179927716465116	1.5461615324020386	0.8047	0.8535	0.8284
finbert-char-ner	55	07:59:20	2	0.0500	1.5061219705725617	1.4967401027679443	0.8091	0.8519	0.8299
finbert-char-ner	56	08:12:30	3	0.0500	1.4998440899938907	1.5073050260543823	0.8088	0.8539	0.8307
finbert-char-ner	57	08:25:46	0	0.0500	1.4964890989867397	1.491202712059021	0.8114	0.8515	0.8310
finbert-char-ner	58	08:38:57	1	0.0500	1.4887860323648032	1.5355768203735352	0.8016	0.8568	0.8282
finbert-char-ner	59	08:52:13	0	0.0500	1.4739955221332095	1.5162429809570312	0.8091	0.8545	0.8312
finbert-char-ner	60	09:05:22	1	0.0500	1.4687685471660685	1.4831504821777344	0.8107	0.8519	0.8308
finbert-char-ner	61	09:18:34	0	0.0500	1.4692522062445588	1.4491724967956543	0.8204	0.8462	0.8331
finbert-char-ner	62	09:31:49	1	0.0500	1.4636417080021504	1.490882396697998	0.8095	0.8544	0.8313
finbert-char-ner	63	09:44:56	2	0.0500	1.4652897239481129	1.4731781482696533	0.8146	0.8524	0.8330
finbert-char-ner	64	09:58:10	3	0.0500	1.453570639562307	1.4944169521331787	0.8088	0.8544	0.8309
finbert-char-ner	65	10:11:17	4	0.0500	1.4529336263548653	1.4768850803375244	0.8117	0.8530	0.8318
finbert-char-ner	66	10:24:30	1	0.0250	1.4261730894352656	1.490654468536377	0.8109	0.8536	0.8317
finbert-char-ner	67	10:37:39	2	0.0250	1.4303778589896436	1.4705289602279663	0.8132	0.8525	0.8324
finbert-char-ner	68	10:50:55	3	0.0250	1.4201417351668735	1.4937655925750732	0.8104	0.8548	0.8320
finbert-char-ner	69	11:04:06	4	0.0250	1.4179822131522797	1.4668320417404175	0.8135	0.8524	0.8325
finbert-char-ner	70	11:17:23	0	0.0125	1.4098508230545237	1.471893310546875	0.8142	0.8535	0.8334
finbert-char-ner	71	11:30:31	1	0.0125	1.4121112913455602	1.4659011363983154	0.8146	0.8525	0.8331
finbert-char-ner	72	11:43:48	2	0.0125	1.4059116832865108	1.4775642156600952	0.8123	0.8548	0.8330
finbert-char-ner	73	11:56:58	3	0.0125	1.4104087810096502	1.4647257328033447	0.8141	0.8521	0.8327
finbert-char-ner	74	12:10:17	4	0.0125	1.4037225733763017	1.4737720489501953	0.8140	0.8523	0.8327
finbert-char-ner	75	12:23:35	1	0.0063	1.4048401582166083	1.4645967483520508	0.8152	0.8519	0.8331
finbert-char-ner	76	12:36:45	2	0.0063	1.4016237566306156	1.4621638059616089	0.8150	0.8519	0.8330
finbert-char-ner	77	12:50:02	3	0.0063	1.40655347536195	1.4585236310958862	0.8154	0.8516	0.8331
finbert-char-ner	78	13:03:11	4	0.0063	1.398570479836854	1.4698688983917236	0.8140	0.8521	0.8326
finbert-char-ner	79	13:16:26	1	0.0031	1.3986120044060473	1.472752332687378	0.8127	0.8529	0.8323
finbert-char-ner	80	13:29:32	2	0.0031	1.4060791835844892	1.4631445407867432	0.8151	0.8523	0.8332
finbert-char-ner	81	13:42:46	3	0.0031	1.3965158867386152	1.4636543989181519	0.8149	0.8519	0.8330
finbert-char-ner	82	13:55:51	4	0.0031	1.3954728421924998	1.463425636291504	0.8145	0.8526	0.8331
finbert-char-ner	83	14:09:04	1	0.0016	1.3885236956038565	1.465470552444458	0.8146	0.8529	0.8333
finbert-char-ner	84	14:22:16	2	0.0016	1.3928968973879545	1.467169165611267	0.8141	0.8530	0.8331
finbert-char-ner	85	14:35:36	0	0.0016	1.391312262547091	1.4620258808135986	0.8156	0.8520	0.8334
finbert-char-ner	86	14:48:50	1	0.0016	1.3965740008923992	1.4642529487609863	0.8150	0.8524	0.8332
finbert-char-ner	87	15:02:12	2	0.0016	1.3873710497370306	1.464827060699463	0.8149	0.8525	0.8333
finbert-char-ner	88	15:15:24	3	0.0016	1.3897622238914922	1.4673155546188354	0.8148	0.8528	0.8334
finbert-char-ner	89	15:28:40	4	0.0016	1.3874361882419706	1.4655932188034058	0.8146	0.8527	0.8332
finbert-char-ner	90	15:41:58	1	0.0008	1.3922701339301824	1.4634251594543457	0.8150	0.8523	0.8332
finbert-char-ner	91	15:55:09	2	0.0008	1.390265869644453	1.4633291959762573	0.8151	0.8523	0.8333
finbert-char-ner	92	16:08:26	3	0.0008	1.3839056769257072	1.463538408279419	0.8148	0.8523	0.8331
finbert-char-ner	93	16:21:36	4	0.0008	1.3926907822770893	1.464332103729248	0.8146	0.8525	0.8331
finbert-char-ner	94	16:34:51	1	0.0004	1.3935276854713008	1.464573860168457	0.8144	0.8525	0.8330
finbert-char-ner	95	16:48:01	2	0.0004	1.3979290146497811	1.4642307758331299	0.8147	0.8525	0.8332
finbert-char-ner	96	17:01:17	3	0.0004	1.3864412930026744	1.4638264179229736	0.8149	0.8527	0.8333
finbert-char-ner	97	17:14:29	4	0.0004	1.388604941608021	1.4634369611740112	0.8148	0.8524	0.8332
finbert-char-ner	98	17:27:47	1	0.0002	1.3898711661872625	1.4643518924713135	0.8148	0.8528	0.8333
finbert-char-ner	99	17:40:59	2	0.0002	1.3857066953707042	1.4644439220428467	0.8146	0.8527	0.8332
finbert-char-ner	100	17:54:18	3	0.0002	1.3883435103878285	1.463348388671875	0.8150	0.8525	0.8333
finbert-ner	1	18:16:11	0	0.1000	12.42332305617443	18.23571014404297	0.0000	0.0000	0.0000
finbert-ner	2	18:17:44	0	0.1000	6.522865499340513	4.498193740844727	0.7048	0.5816	0.6373
finbert-ner	3	18:19:16	0	0.1000	4.84027975010422	3.570774555206299	0.7190	0.6375	0.6758
finbert-ner	4	18:20:49	0	0.1000	4.236687243359643	3.1259524822235107	0.7599	0.6736	0.7141
finbert-ner	5	18:22:29	0	0.1000	3.8322733513214304	2.844053268432617	0.7756	0.6919	0.7314
finbert-ner	6	18:24:01	0	0.1000	3.5526022236302213	2.7208211421966553	0.7436	0.7380	0.7408
finbert-ner	7	18:25:34	0	0.1000	3.3587501453903488	2.542715072631836	0.7834	0.7229	0.7519
finbert-ner	8	18:27:06	1	0.1000	3.2057792045785196	2.6322760581970215	0.7333	0.7620	0.7474
finbert-ner	9	18:28:37	0	0.1000	3.095336596171061	2.365953207015991	0.7821	0.7436	0.7624
finbert-ner	10	18:30:10	0	0.1000	2.964142153098148	2.348592758178711	0.7680	0.7648	0.7664
finbert-ner	11	18:31:43	0	0.1000	2.8778227035354518	2.263132095336914	0.7765	0.7644	0.7704
finbert-ner	12	18:33:23	0	0.1000	2.8112391405885324	2.2390365600585938	0.7716	0.7778	0.7747
finbert-ner	13	18:34:55	1	0.1000	2.7391093182113937	2.253236770629883	0.7634	0.7819	0.7726
finbert-ner	14	18:36:26	2	0.1000	2.6794736955150866	2.3264219760894775	0.7488	0.7905	0.7691
finbert-ner	15	18:37:57	0	0.1000	2.6224089178649135	2.135181427001953	0.7816	0.7796	0.7806
finbert-ner	16	18:39:30	0	0.1000	2.5766528687387145	2.071392059326172	0.7951	0.7723	0.7835
finbert-ner	17	18:41:02	1	0.1000	2.5272759251624533	2.0679478645324707	0.7828	0.7840	0.7834
finbert-ner	18	18:42:41	0	0.1000	2.4863169343216613	2.0193395614624023	0.7914	0.7855	0.7884
finbert-ner	19	18:44:13	1	0.1000	2.441593089193668	2.0386977195739746	0.7927	0.7796	0.7861
finbert-ner	20	18:45:44	0	0.1000	2.411549072595512	1.9843286275863647	0.7989	0.7816	0.7902
finbert-ner	21	18:47:16	0	0.1000	2.3730658900062993	1.9852761030197144	0.8003	0.7807	0.7904
finbert-ner	22	18:48:48	0	0.1000	2.3464884368128747	1.951556921005249	0.8147	0.7724	0.7930
finbert-ner	23	18:50:20	0	0.1000	2.3275329062024004	1.9305698871612549	0.8081	0.7805	0.7941
finbert-ner	24	18:52:00	0	0.1000	2.292229099843487	1.9085869789123535	0.8033	0.7856	0.7943
finbert-ner	25	18:53:32	0	0.1000	2.2613801041489126	1.9243483543395996	0.7950	0.7947	0.7949
finbert-ner	26	18:55:04	1	0.1000	2.2360848848174952	1.9451260566711426	0.7810	0.8026	0.7917
finbert-ner	27	18:56:36	2	0.1000	2.219816678724949	2.0028884410858154	0.7740	0.8089	0.7911
finbert-ner	28	18:58:07	3	0.1000	2.187461476655876	1.9290975332260132	0.7804	0.8083	0.7941
finbert-ner	29	18:59:38	0	0.1000	2.1696538737734907	1.8907088041305542	0.7883	0.8048	0.7964
finbert-ner	30	19:01:18	0	0.1000	2.1432012596970083	1.8495625257492065	0.8052	0.7958	0.8005
finbert-ner	31	19:02:50	1	0.1000	2.1382111835779636	1.8605809211730957	0.7929	0.8039	0.7984
finbert-ner	32	19:04:21	2	0.1000	2.1071334350034125	1.9386897087097168	0.7732	0.8151	0.7936
finbert-ner	33	19:05:52	3	0.1000	2.0954979073326543	1.8604848384857178	0.7968	0.8031	0.7999
finbert-ner	34	19:07:23	4	0.1000	2.079506918319366	1.926588773727417	0.7788	0.8132	0.7956
finbert-ner	35	19:08:53	0	0.0500	2.040809563120956	1.8339394330978394	0.7963	0.8074	0.8018
finbert-ner	36	19:10:33	1	0.0500	2.0156260226507605	1.833888292312622	0.7945	0.8066	0.8005
finbert-ner	37	19:12:04	2	0.0500	2.0083503640672697	1.845240831375122	0.7923	0.8100	0.8011
finbert-ner	38	19:13:35	0	0.0500	1.9894894563926842	1.808350920677185	0.7980	0.8067	0.8023
finbert-ner	39	19:15:07	0	0.0500	1.9846695136724029	1.8142884969711304	0.7957	0.8113	0.8034
finbert-ner	40	19:16:39	1	0.0500	1.9727335838401843	1.8248345851898193	0.7932	0.8122	0.8025
finbert-ner	41	19:18:10	0	0.0500	1.9747864097919103	1.8176476955413818	0.7940	0.8133	0.8035
finbert-ner	42	19:19:42	1	0.0500	1.9594672078606468	1.8164680004119873	0.7914	0.8139	0.8025
finbert-ner	43	19:21:21	0	0.0500	1.952351615114032	1.7890417575836182	0.7971	0.8107	0.8038
finbert-ner	44	19:22:53	0	0.0500	1.939718282447671	1.8096625804901123	0.7944	0.8147	0.8044
finbert-ner	45	19:24:25	0	0.0500	1.9343343298390228	1.7992749214172363	0.7953	0.8143	0.8047
finbert-ner	46	19:25:58	0	0.0500	1.9334094959235042	1.811340093612671	0.7949	0.8162	0.8054
finbert-ner	47	19:27:30	1	0.0500	1.9196125883726205	1.8118422031402588	0.7897	0.8179	0.8036
finbert-ner	48	19:29:02	2	0.0500	1.913165861705564	1.7856123447418213	0.7965	0.8143	0.8053
finbert-ner	49	19:30:41	3	0.0500	1.9026723515312627	1.8096306324005127	0.7930	0.8166	0.8046
finbert-ner	50	19:32:13	0	0.0500	1.9009493057083033	1.7747788429260254	0.7981	0.8157	0.8068
finbert-ner	51	19:33:45	1	0.0500	1.8977247176680174	1.7761008739471436	0.7953	0.8163	0.8057
finbert-ner	52	19:35:17	2	0.0500	1.888260785138832	1.807098627090454	0.7888	0.8190	0.8036
finbert-ner	53	19:36:48	0	0.0500	1.8841429116590969	1.7741578817367554	0.7970	0.8174	0.8071
finbert-ner	54	19:38:20	1	0.0500	1.8793432292698313	1.8073104619979858	0.7892	0.8216	0.8051
finbert-ner	55	19:39:59	0	0.0500	1.8649996661540098	1.7817039489746094	0.7943	0.8205	0.8072
finbert-ner	56	19:41:31	0	0.0500	1.8625467520839762	1.7411086559295654	0.8083	0.8129	0.8105
finbert-ner	57	19:43:04	1	0.0500	1.85002568008015	1.7471928596496582	0.8007	0.8182	0.8094
finbert-ner	58	19:44:35	2	0.0500	1.8436510735337839	1.760349154472351	0.7961	0.8199	0.8078
finbert-ner	59	19:46:06	3	0.0500	1.83915358294481	1.7578742504119873	0.7970	0.8189	0.8078
finbert-ner	60	19:47:37	4	0.0500	1.8267880025899634	1.7694969177246094	0.7987	0.8188	0.8086
finbert-ner	61	19:49:16	1	0.0250	1.8232439336536814	1.7560080289840698	0.7989	0.8211	0.8098
finbert-ner	62	19:50:48	2	0.0250	1.8036422257153493	1.7419708967208862	0.8015	0.8185	0.8100
finbert-ner	63	19:52:19	3	0.0250	1.8075097881772983	1.7407259941101074	0.8001	0.8195	0.8097
finbert-ner	64	19:53:51	0	0.0250	1.8056027311948861	1.7379449605941772	0.8022	0.8193	0.8107
finbert-ner	65	19:55:22	1	0.0250	1.7999242941538494	1.7386133670806885	0.7990	0.8199	0.8093
finbert-ner	66	19:56:54	2	0.0250	1.7895926566993665	1.751798152923584	0.7973	0.8215	0.8092
finbert-ner	67	19:58:25	3	0.0250	1.7800860509932417	1.7480580806732178	0.7993	0.8222	0.8106
finbert-ner	68	20:00:05	0	0.0250	1.7832013068708983	1.7277134656906128	0.8032	0.8190	0.8110
finbert-ner	69	20:01:37	0	0.0250	1.7804102965121	1.7243361473083496	0.8046	0.8177	0.8111
finbert-ner	70	20:03:09	0	0.0250	1.7838249124071133	1.7353543043136597	0.8015	0.8209	0.8111
finbert-ner	71	20:04:41	0	0.0250	1.7703340653353516	1.7372088432312012	0.8014	0.8237	0.8124
finbert-ner	72	20:06:13	1	0.0250	1.7690998465759948	1.7375023365020752	0.7989	0.8233	0.8109
finbert-ner	73	20:07:45	2	0.0250	1.7622464100519817	1.7416143417358398	0.7993	0.8220	0.8105
finbert-ner	74	20:09:23	3	0.0250	1.7698304023382798	1.7439439296722412	0.7985	0.8234	0.8108
finbert-ner	75	20:10:54	4	0.0250	1.7630826617186923	1.7396714687347412	0.7984	0.8212	0.8096
finbert-ner	76	20:12:25	1	0.0125	1.7549379179312747	1.7335680723190308	0.7995	0.8221	0.8106
finbert-ner	77	20:13:56	2	0.0125	1.755023109088154	1.7373735904693604	0.7991	0.8242	0.8115
finbert-ner	78	20:15:27	3	0.0125	1.74795415491428	1.7312164306640625	0.7996	0.8235	0.8114
finbert-ner	79	20:16:58	4	0.0125	1.7563831408818562	1.7319960594177246	0.8023	0.8214	0.8117
finbert-ner	80	20:18:36	1	0.0063	1.7407257481940888	1.7294437885284424	0.8008	0.8228	0.8117
finbert-ner	81	20:20:07	2	0.0063	1.7376079551828731	1.7357842922210693	0.7994	0.8238	0.8114
finbert-ner	82	20:21:38	3	0.0063	1.7409156905780048	1.742698073387146	0.7978	0.8245	0.8109
finbert-ner	83	20:23:09	4	0.0063	1.746182050345079	1.7309799194335938	0.8004	0.8240	0.8120
finbert-ner	84	20:24:40	1	0.0031	1.7348656167024337	1.7298974990844727	0.8006	0.8235	0.8119
finbert-ner	85	20:26:11	2	0.0031	1.7404318313178777	1.7350521087646484	0.7996	0.8245	0.8118
finbert-ner	86	20:27:49	3	0.0031	1.7302658782815032	1.7383941411972046	0.7988	0.8240	0.8112
finbert-ner	87	20:29:20	4	0.0031	1.7322713526539832	1.7356033325195312	0.7999	0.8242	0.8118
finbert-ner	88	20:30:51	1	0.0016	1.7376767112024176	1.7376861572265625	0.7984	0.8245	0.8112
finbert-ner	89	20:32:22	2	0.0016	1.729530579638931	1.7337453365325928	0.7999	0.8242	0.8119
finbert-ner	90	20:33:53	3	0.0016	1.726512391612215	1.734721064567566	0.7991	0.8241	0.8114
finbert-ner	91	20:35:24	4	0.0016	1.734486255255885	1.7350597381591797	0.7996	0.8242	0.8117
finbert-ner	92	20:36:56	1	0.0008	1.7304873631435371	1.7348082065582275	0.7991	0.8241	0.8114
finbert-ner	93	20:38:34	2	0.0008	1.7317657350744091	1.732444167137146	0.7997	0.8240	0.8117
finbert-ner	94	20:40:06	3	0.0008	1.7358856516064338	1.7313735485076904	0.8000	0.8239	0.8118
finbert-ner	95	20:41:37	4	0.0008	1.740066335636115	1.7345473766326904	0.7995	0.8244	0.8118
finbert-ner	96	20:43:09	1	0.0004	1.7346908671301116	1.7336885929107666	0.7996	0.8243	0.8117
finbert-ner	97	20:44:39	2	0.0004	1.7314053384013146	1.7317107915878296	0.7999	0.8238	0.8117
finbert-ner	98	20:46:10	3	0.0004	1.7355176652752378	1.7311336994171143	0.8001	0.8237	0.8117
finbert-ner	99	20:47:49	4	0.0004	1.7387968309270512	1.731277346611023	0.8001	0.8237	0.8117
finbert-ner	100	20:49:20	1	0.0002	1.7369950304991044	1.732293963432312	0.7997	0.8239	0.8116
flair-ner	1	18:19:08	0	0.1000	6.884241975909802	20.869796752929688	0.0000	0.0000	0.0000
flair-ner	2	18:21:43	0	0.1000	3.831682121978616	2.859104633331299	0.7872	0.6369	0.7041
flair-ner	3	18:24:19	0	0.1000	3.059239592192308	2.219329833984375	0.7743	0.7611	0.7676
flair-ner	4	18:26:54	0	0.1000	2.714172322795076	2.0682616233825684	0.7649	0.7945	0.7794
flair-ner	5	18:29:36	0	0.1000	2.4958101406037434	1.928442358970642	0.7804	0.7987	0.7894
flair-ner	6	18:32:09	0	0.1000	2.3466987913509585	1.8728978633880615	0.7800	0.8210	0.8000
flair-ner	7	18:34:45	0	0.1000	2.234566252561485	1.746504306793213	0.8026	0.8058	0.8042
flair-ner	8	18:37:19	0	0.1000	2.1405907531954207	1.6829566955566406	0.8015	0.8178	0.8096
flair-ner	9	18:39:55	0	0.1000	2.0588016093901866	1.6978025436401367	0.7849	0.8381	0.8106
flair-ner	10	18:42:30	0	0.1000	1.9988070197825163	1.5875818729400635	0.8109	0.8310	0.8208
flair-ner	11	18:45:04	1	0.1000	1.939017245979429	1.575753927230835	0.8179	0.8229	0.8204
flair-ner	12	18:47:44	0	0.1000	1.8893714202275067	1.5552403926849365	0.8287	0.8218	0.8252
flair-ner	13	18:50:18	0	0.1000	1.849336527428537	1.5266237258911133	0.8057	0.8470	0.8258
flair-ner	14	18:52:52	0	0.1000	1.8116534393538468	1.4944614171981812	0.8196	0.8351	0.8273
flair-ner	15	18:55:27	0	0.1000	1.770257866982394	1.4862579107284546	0.8140	0.8454	0.8294
flair-ner	16	18:58:02	0	0.1000	1.7365063230196636	1.4615592956542969	0.8170	0.8442	0.8304
flair-ner	17	19:00:37	0	0.1000	1.7111113101431408	1.4374817609786987	0.8220	0.8437	0.8327
flair-ner	18	19:03:17	1	0.1000	1.6796705591603645	1.4936072826385498	0.8002	0.8554	0.8269
flair-ner	19	19:05:51	0	0.1000	1.6598366517690744	1.4339985847473145	0.8172	0.8536	0.8350
flair-ner	20	19:08:26	0	0.1000	1.6309050175378907	1.3991563320159912	0.8239	0.8495	0.8365
flair-ner	21	19:11:00	1	0.1000	1.6082206274728355	1.4048433303833008	0.8238	0.8494	0.8364
flair-ner	22	19:13:33	0	0.1000	1.5968872709844097	1.3851239681243896	0.8275	0.8484	0.8378
flair-ner	23	19:16:08	0	0.1000	1.5578722665144962	1.4133909940719604	0.8153	0.8618	0.8379
flair-ner	24	19:18:48	1	0.1000	1.5374119564797144	1.391994833946228	0.8177	0.8583	0.8375
flair-ner	25	19:21:21	0	0.1000	1.519195277361	1.4028934240341187	0.8133	0.8676	0.8396
flair-ner	26	19:23:57	1	0.1000	1.5035420573732388	1.3883335590362549	0.8241	0.8502	0.8369
flair-ner	27	19:26:31	0	0.1000	1.4943955514416005	1.3593790531158447	0.8225	0.8592	0.8405
flair-ner	28	19:29:05	0	0.1000	1.4681868928033601	1.313122272491455	0.8326	0.8564	0.8443
flair-ner	29	19:31:40	1	0.1000	1.4502798854929846	1.345472812652588	0.8236	0.8618	0.8423
flair-ner	30	19:34:20	2	0.1000	1.4336007839103915	1.329567313194275	0.8327	0.8521	0.8423
flair-ner	31	19:36:54	0	0.1000	1.4157084252849315	1.3049410581588745	0.8411	0.8517	0.8464
flair-ner	32	19:39:29	1	0.1000	1.4042645036799353	1.3341258764266968	0.8219	0.8663	0.8435
flair-ner	33	19:42:04	0	0.1000	1.3876112399611082	1.3222293853759766	0.8268	0.8679	0.8469
flair-ner	34	19:44:39	0	0.1000	1.3748988053708706	1.2875556945800781	0.8432	0.8550	0.8490
flair-ner	35	19:47:14	1	0.1000	1.3669593441036512	1.2816135883331299	0.8288	0.8637	0.8459
flair-ner	36	19:49:49	0	0.1000	1.3484315493571684	1.282362937927246	0.8372	0.8625	0.8497
flair-ner	37	19:52:30	1	0.1000	1.3332300248011104	1.3169007301330566	0.8246	0.8695	0.8465
flair-ner	38	19:55:05	2	0.1000	1.325736957713493	1.2759138345718384	0.8392	0.8574	0.8482
flair-ner	39	19:57:40	3	0.1000	1.3067542933068186	1.348639726638794	0.8194	0.8728	0.8453
flair-ner	40	20:00:15	0	0.1000	1.297293727690319	1.2808786630630493	0.8425	0.8572	0.8498
flair-ner	41	20:02:51	1	0.1000	1.2880559050062168	1.3433489799499512	0.8201	0.8745	0.8465
flair-ner	42	20:05:26	0	0.1000	1.2684457172762673	1.2548326253890991	0.8465	0.8549	0.8507
flair-ner	43	20:08:03	1	0.1000	1.2612828687301971	1.2865302562713623	0.8274	0.8741	0.8501
flair-ner	44	20:10:32	0	0.1000	1.255756804403269	1.3051108121871948	0.8268	0.8768	0.8511
flair-ner	45	20:13:06	1	0.1000	1.233891025466739	1.336402416229248	0.8222	0.8793	0.8498
flair-ner	46	20:15:40	2	0.1000	1.2325014190853767	1.2714959383010864	0.8358	0.8664	0.8508
flair-ner	47	20:18:14	0	0.1000	1.222859504087916	1.2617266178131104	0.8392	0.8669	0.8529
flair-ner	48	20:20:49	1	0.1000	1.2185149284653694	1.298088550567627	0.8263	0.8770	0.8509
flair-ner	49	20:23:29	0	0.1000	1.205799970611836	1.2733994722366333	0.8447	0.8625	0.8535
flair-ner	50	20:26:03	0	0.1000	1.18920621219671	1.2546497583389282	0.8424	0.8654	0.8538
flair-ner	51	20:28:39	1	0.1000	1.1777678786208794	1.2466130256652832	0.8398	0.8670	0.8532
flair-ner	52	20:31:13	2	0.1000	1.1758702035595037	1.3322672843933105	0.8202	0.8764	0.8474
flair-ner	53	20:33:47	0	0.1000	1.1669273361469965	1.2729663848876953	0.8382	0.8705	0.8540
flair-ner	54	20:36:22	1	0.1000	1.158142681204298	1.3125041723251343	0.8241	0.8773	0.8499
flair-ner	55	20:38:57	2	0.1000	1.1437204437060926	1.2610657215118408	0.8312	0.8723	0.8513
flair-ner	56	20:41:38	3	0.1000	1.1429953966875497	1.240615963935852	0.8400	0.8675	0.8535
flair-ner	57	20:44:12	4	0.1000	1.1383724750587776	1.2966018915176392	0.8262	0.8750	0.8499
flair-ner	58	20:46:46	0	0.0500	1.0896944229332906	1.2602556943893433	0.8383	0.8732	0.8554
flair-ner	59	20:49:21	1	0.0500	1.0822388196141466	1.3093596696853638	0.8277	0.8787	0.8524
flair-ner	60	20:51:56	2	0.0500	1.065972221160085	1.2611920833587646	0.8388	0.8713	0.8548
flair-ner	61	20:54:30	3	0.0500	1.069513663930713	1.2393255233764648	0.8458	0.8633	0.8544
flair-ner	62	20:57:10	0	0.0500	1.0566475985560027	1.2501343488693237	0.8404	0.8719	0.8559
flair-ner	63	20:59:45	1	0.0500	1.0535580980702766	1.2613906860351562	0.8358	0.8732	0.8541
flair-ner	64	21:02:19	0	0.0500	1.0510414763816498	1.2490653991699219	0.8405	0.8719	0.8559
flair-ner	65	21:04:54	1	0.0500	1.0406081104803386	1.2693657875061035	0.8353	0.8753	0.8548
flair-ner	66	21:07:27	2	0.0500	1.041244718076298	1.2559221982955933	0.8454	0.8662	0.8557
flair-ner	67	21:10:02	3	0.0500	1.0318661354622751	1.2609546184539795	0.8403	0.8718	0.8558
flair-ner	68	21:12:43	4	0.0500	1.0297596456494722	1.2554640769958496	0.8439	0.8674	0.8555
flair-ner	69	21:15:17	0	0.0250	1.0074491281554383	1.2685258388519287	0.8378	0.8754	0.8562
flair-ner	70	21:17:53	1	0.0250	1.00035286605733	1.2816500663757324	0.8357	0.8764	0.8556
flair-ner	71	21:20:28	0	0.0250	0.9901667079835568	1.2600778341293335	0.8431	0.8704	0.8565
flair-ner	72	21:23:04	1	0.0250	0.9903058820175674	1.2501816749572754	0.8416	0.8707	0.8559
flair-ner	73	21:25:39	0	0.0250	0.9848070459545784	1.2508480548858643	0.8452	0.8703	0.8576
flair-ner	74	21:28:20	1	0.0250	0.9888662109210057	1.2519663572311401	0.8441	0.8691	0.8564
flair-ner	75	21:30:55	2	0.0250	0.9834651026710775	1.2543349266052246	0.8425	0.8719	0.8570
flair-ner	76	21:33:29	3	0.0250	0.9740693514826912	1.2869548797607422	0.8336	0.8768	0.8547
flair-ner	77	21:36:03	4	0.0250	0.978701836470538	1.2802218198776245	0.8361	0.8770	0.8561
flair-ner	78	21:38:38	1	0.0125	0.969489796356585	1.2768549919128418	0.8392	0.8755	0.8569
flair-ner	79	21:41:11	2	0.0125	0.9603995767029576	1.268478274345398	0.8411	0.8718	0.8562
flair-ner	80	21:43:45	0	0.0125	0.9563414049598405	1.262410044670105	0.8423	0.8736	0.8577
flair-ner	81	21:46:26	1	0.0125	0.9654322560853178	1.2666820287704468	0.8412	0.8725	0.8566
flair-ner	82	21:49:01	2	0.0125	0.9531011407105427	1.2708072662353516	0.8408	0.8753	0.8577
flair-ner	83	21:51:36	3	0.0125	0.9523553900748679	1.263569951057434	0.8432	0.8717	0.8572
flair-ner	84	21:54:11	4	0.0125	0.9423679448898483	1.2612416744232178	0.8432	0.8711	0.8569
flair-ner	85	21:56:47	1	0.0063	0.9504470626513163	1.2669456005096436	0.8395	0.8751	0.8569
flair-ner	86	21:59:22	2	0.0063	0.9455631401553843	1.2684181928634644	0.8402	0.8733	0.8564
flair-ner	87	22:02:02	3	0.0063	0.9485651220915452	1.2676328420639038	0.8425	0.8722	0.8571
flair-ner	88	22:04:37	4	0.0063	0.9452331354783016	1.2610094547271729	0.8430	0.8723	0.8574
flair-ner	89	22:07:13	1	0.0031	0.942989191169259	1.2714186906814575	0.8403	0.8745	0.8571
flair-ner	90	22:09:48	2	0.0031	0.9375706493104778	1.2751491069793701	0.8396	0.8749	0.8569
flair-ner	91	22:12:22	3	0.0031	0.9383558764022851	1.2728805541992188	0.8403	0.8747	0.8571
flair-ner	92	22:14:57	4	0.0031	0.9338556531840151	1.2754249572753906	0.8398	0.8745	0.8568
flair-ner	93	22:17:38	1	0.0016	0.9384820391921878	1.269949197769165	0.8416	0.8736	0.8573
flair-ner	94	22:20:13	2	0.0016	0.9387035302396091	1.2732181549072266	0.8404	0.8740	0.8569
flair-ner	95	22:22:48	3	0.0016	0.9335707793445707	1.2749764919281006	0.8398	0.8745	0.8568
flair-ner	96	22:25:23	4	0.0016	0.9392135536895608	1.273530125617981	0.8411	0.8743	0.8574
flair-ner	97	22:27:57	1	0.0008	0.9375710967201857	1.2716435194015503	0.8415	0.8737	0.8573
flair-ner	98	22:30:32	2	0.0008	0.9302492241064707	1.2742259502410889	0.8403	0.8745	0.8571
flair-ner	99	22:33:06	3	0.0008	0.9318624926063249	1.272531270980835	0.8413	0.8744	0.8575
flair-ner	100	22:35:48	4	0.0008	0.9360914155372284	1.2700248956680298	0.8422	0.8734	0.8575
glove-char-ner	1	23:45:06	0	0.1000	11.993286148451691	17.67735481262207	0.0000	0.0000	0.0000
glove-char-ner	2	23:46:47	0	0.1000	6.101968177459525	4.216259002685547	0.7166	0.5623	0.6302
glove-char-ner	3	23:48:22	0	0.1000	4.536169116602004	3.2524213790893555	0.7417	0.6921	0.7160
glove-char-ner	4	23:49:57	0	0.1000	3.896180314837762	2.8983664512634277	0.7776	0.6944	0.7336
glove-char-ner	5	23:51:32	0	0.1000	3.5479257331704193	2.7215232849121094	0.7496	0.7461	0.7478
glove-char-ner	6	23:53:07	0	0.1000	3.2825831122368387	2.5790679454803467	0.7507	0.7717	0.7610
glove-char-ner	7	23:54:42	0	0.1000	3.1097011941034087	2.375605583190918	0.7754	0.7751	0.7753
glove-char-ner	8	23:56:23	1	0.1000	2.946979855591396	2.4480762481689453	0.7454	0.7962	0.7700
glove-char-ner	9	23:57:55	0	0.1000	2.8312297857032633	2.2732019424438477	0.7686	0.7940	0.7811
glove-char-ner	10	23:59:30	0	0.1000	2.7251588623478726	2.1018404960632324	0.7958	0.7797	0.7877
glove-char-ner	11	00:01:06	0	0.1000	2.6500632073144494	2.067445993423462	0.8012	0.7876	0.7943
glove-char-ner	12	00:02:41	0	0.1000	2.5902960675317535	2.028862476348877	0.8278	0.7657	0.7956
glove-char-ner	13	00:04:22	1	0.1000	2.512119693576165	2.1516668796539307	0.7855	0.7923	0.7889
glove-char-ner	14	00:05:55	0	0.1000	2.4682461870541363	1.9544732570648193	0.8058	0.7981	0.8019
glove-char-ner	15	00:07:30	0	0.1000	2.403512062516602	1.9506229162216187	0.7962	0.8101	0.8031
glove-char-ner	16	00:09:05	1	0.1000	2.3529561150748775	1.898744821548462	0.8014	0.8046	0.8030
glove-char-ner	17	00:10:37	0	0.1000	2.3301391916454963	1.886608600616455	0.8085	0.8071	0.8078
glove-char-ner	18	00:12:13	1	0.1000	2.271112455511993	1.8821887969970703	0.7975	0.8154	0.8064
glove-char-ner	19	00:13:52	2	0.1000	2.2498245531657957	1.8767380714416504	0.7986	0.8148	0.8066
glove-char-ner	20	00:15:24	0	0.1000	2.208980533311952	1.864728331565857	0.8015	0.8161	0.8088
glove-char-ner	21	00:17:00	0	0.1000	2.1806716011755123	1.787909984588623	0.8115	0.8138	0.8126
glove-char-ner	22	00:18:35	1	0.1000	2.141402461993619	1.8656909465789795	0.7878	0.8251	0.8060
glove-char-ner	23	00:20:08	0	0.1000	2.107496604979413	1.7674492597579956	0.8065	0.8192	0.8128
glove-char-ner	24	00:21:49	0	0.1000	2.0882159389040007	1.7671828269958496	0.8134	0.8154	0.8144
glove-char-ner	25	00:23:24	1	0.1000	2.063441311788259	1.8177976608276367	0.7952	0.8305	0.8125
glove-char-ner	26	00:24:56	0	0.1000	2.040291480298312	1.7332167625427246	0.8071	0.8241	0.8155
glove-char-ner	27	00:26:31	0	0.1000	2.017713430542616	1.7263126373291016	0.8269	0.8111	0.8189
glove-char-ner	28	00:28:06	1	0.1000	1.9932183274682962	1.7531875371932983	0.7978	0.8317	0.8144
glove-char-ner	29	00:29:38	0	0.1000	1.968461074169327	1.7070879936218262	0.8196	0.8205	0.8201
glove-char-ner	30	00:31:20	1	0.1000	1.9411218616197694	1.708574652671814	0.8075	0.8301	0.8186
glove-char-ner	31	00:32:52	2	0.1000	1.9279233007311072	1.736625075340271	0.8005	0.8316	0.8158
glove-char-ner	32	00:34:24	0	0.1000	1.9071489407581352	1.6624276638031006	0.8257	0.8165	0.8211
glove-char-ner	33	00:35:59	0	0.1000	1.8967978789371513	1.6754363775253296	0.8139	0.8289	0.8213
glove-char-ner	34	00:37:35	0	0.1000	1.8822399002950896	1.6746184825897217	0.8164	0.8282	0.8223
glove-char-ner	35	00:39:16	0	0.1000	1.857113831448105	1.6520819664001465	0.8146	0.8316	0.8230
glove-char-ner	36	00:40:51	1	0.1000	1.8422388048291956	1.6367486715316772	0.8150	0.8304	0.8226
glove-char-ner	37	00:42:23	0	0.1000	1.827351745569481	1.6211546659469604	0.8310	0.8226	0.8267
glove-char-ner	38	00:43:59	1	0.1000	1.8133458896253094	1.6397743225097656	0.8155	0.8342	0.8247
glove-char-ner	39	00:45:31	0	0.1000	1.7987204992546226	1.591975450515747	0.8245	0.8316	0.8280
glove-char-ner	40	00:47:12	1	0.1000	1.7781590515712522	1.628464698791504	0.8125	0.8360	0.8241
glove-char-ner	41	00:48:44	2	0.1000	1.7686561436023351	1.5858142375946045	0.8219	0.8302	0.8260
glove-char-ner	42	00:50:16	3	0.1000	1.7566119289997988	1.6609513759613037	0.8082	0.8397	0.8236
glove-char-ner	43	00:51:49	4	0.1000	1.7388402291063993	1.6130287647247314	0.8171	0.8374	0.8271
glove-char-ner	44	00:53:21	1	0.0500	1.6985043909564708	1.610245943069458	0.8167	0.8388	0.8276
glove-char-ner	45	00:54:54	2	0.0500	1.7024624520127878	1.616346836090088	0.8131	0.8407	0.8266
glove-char-ner	46	00:56:32	3	0.0500	1.6773125278125018	1.6189087629318237	0.8147	0.8398	0.8271
glove-char-ner	47	00:58:04	0	0.0500	1.6767292794941355	1.5697697401046753	0.8244	0.8351	0.8297
glove-char-ner	48	00:59:40	1	0.0500	1.6674219392380625	1.6013158559799194	0.8128	0.8429	0.8276
glove-char-ner	49	01:01:12	2	0.0500	1.6590393931610778	1.6095213890075684	0.8130	0.8453	0.8288
glove-char-ner	50	01:02:44	3	0.0500	1.6563290814933538	1.5700809955596924	0.8197	0.8396	0.8296
glove-char-ner	51	01:04:22	4	0.0500	1.6502586783103224	1.5694324970245361	0.8178	0.8405	0.8290
glove-char-ner	52	01:05:54	1	0.0250	1.6294338343278416	1.586186408996582	0.8173	0.8408	0.8289
glove-char-ner	53	01:07:27	2	0.0250	1.620677873773395	1.5749504566192627	0.8201	0.8386	0.8293
glove-char-ner	54	01:08:59	3	0.0250	1.613576609383589	1.5779168605804443	0.8175	0.8403	0.8287
glove-char-ner	55	01:10:31	4	0.0250	1.6223985983890556	1.5785424709320068	0.8183	0.8405	0.8292
glove-char-ner	56	01:12:03	1	0.0125	1.6111727360659425	1.5678412914276123	0.8178	0.8407	0.8291
glove-char-ner	57	01:13:40	0	0.0125	1.608143780966225	1.5639615058898926	0.8194	0.8405	0.8298
glove-char-ner	58	01:15:13	0	0.0125	1.5982879902581748	1.5540732145309448	0.8216	0.8382	0.8298
glove-char-ner	59	01:16:46	0	0.0125	1.5973989228782415	1.5575954914093018	0.8204	0.8401	0.8302
glove-char-ner	60	01:18:19	1	0.0125	1.5970692424654211	1.5731558799743652	0.8158	0.8426	0.8290
glove-char-ner	61	01:19:49	0	0.0125	1.587638498852088	1.558390498161316	0.8216	0.8400	0.8307
glove-char-ner	62	01:21:28	0	0.0125	1.5952391609455805	1.5560081005096436	0.8208	0.8413	0.8309
glove-char-ner	63	01:23:01	1	0.0125	1.5904402837813276	1.5557416677474976	0.8189	0.8418	0.8302
glove-char-ner	64	01:24:31	2	0.0125	1.590444730512751	1.5507158041000366	0.8206	0.8396	0.8300
glove-char-ner	65	01:26:02	3	0.0125	1.5843113405899432	1.5549839735031128	0.8201	0.8408	0.8303
glove-char-ner	66	01:27:32	4	0.0125	1.5858654368598506	1.5511243343353271	0.8228	0.8391	0.8309
glove-char-ner	67	01:29:03	1	0.0063	1.5756675477297801	1.5513110160827637	0.8197	0.8405	0.8300
glove-char-ner	68	01:30:39	2	0.0063	1.5783578037465893	1.5514826774597168	0.8212	0.8408	0.8309
glove-char-ner	69	01:32:09	3	0.0063	1.581997036933899	1.5556719303131104	0.8201	0.8415	0.8307
glove-char-ner	70	01:33:39	4	0.0063	1.5744515484983816	1.5568218231201172	0.8197	0.8416	0.8305
glove-char-ner	71	01:35:10	1	0.0031	1.582368200679995	1.556380271911621	0.8191	0.8406	0.8297
glove-char-ner	72	01:36:40	2	0.0031	1.5790854842407898	1.5604586601257324	0.8187	0.8424	0.8304
glove-char-ner	73	01:38:16	0	0.0031	1.5746843237547006	1.5506510734558105	0.8214	0.8414	0.8313
glove-char-ner	74	01:39:51	1	0.0031	1.5610395834880806	1.5556731224060059	0.8201	0.8423	0.8310
glove-char-ner	75	01:41:23	0	0.0031	1.5740946043962203	1.5529941320419312	0.8207	0.8422	0.8313
glove-char-ner	76	01:42:59	1	0.0031	1.5653477914678227	1.5543403625488281	0.8204	0.8421	0.8311
glove-char-ner	77	01:44:31	2	0.0031	1.570884496161023	1.5565412044525146	0.8203	0.8422	0.8311
glove-char-ner	78	01:46:10	3	0.0031	1.5689196121767632	1.5571110248565674	0.8194	0.8419	0.8305
glove-char-ner	79	01:47:42	4	0.0031	1.5666511268735681	1.5499279499053955	0.8213	0.8413	0.8312
glove-char-ner	80	01:49:15	1	0.0016	1.568845251821122	1.5544703006744385	0.8206	0.8419	0.8312
glove-char-ner	81	01:50:47	2	0.0016	1.5657521253861721	1.55680513381958	0.8199	0.8422	0.8309
glove-char-ner	82	01:52:20	3	0.0016	1.565017467024941	1.5552358627319336	0.8202	0.8420	0.8310
glove-char-ner	83	01:53:52	4	0.0016	1.575010208963598	1.5557050704956055	0.8202	0.8421	0.8310
glove-char-ner	84	01:55:29	1	0.0008	1.5639089068526741	1.557858943939209	0.8198	0.8426	0.8310
glove-char-ner	85	01:57:01	2	0.0008	1.569909484131531	1.556618571281433	0.8198	0.8424	0.8309
glove-char-ner	86	01:58:33	3	0.0008	1.5687720445716906	1.5578607320785522	0.8198	0.8428	0.8312
glove-char-ner	87	02:00:06	4	0.0008	1.569852831978468	1.5583046674728394	0.8195	0.8428	0.8310
glove-char-ner	88	02:01:38	1	0.0004	1.5669454538597252	1.555912971496582	0.8202	0.8424	0.8312
glove-char-ner	89	02:03:16	2	0.0004	1.566512476723149	1.5562987327575684	0.8200	0.8423	0.8310
glove-char-ner	90	02:04:49	3	0.0004	1.5645150163638517	1.5566565990447998	0.8198	0.8423	0.8309
glove-char-ner	91	02:06:21	4	0.0004	1.5668832123654444	1.556992530822754	0.8197	0.8425	0.8310
glove-char-ner	92	02:07:53	1	0.0002	1.5633910009696048	1.556910514831543	0.8197	0.8423	0.8309
glove-char-ner	93	02:09:25	2	0.0002	1.5721533081066683	1.5568211078643799	0.8197	0.8424	0.8309
glove-char-ner	94	02:10:58	3	0.0002	1.5669826546555046	1.5566428899765015	0.8198	0.8423	0.8309
glove-char-ner	95	02:12:37	4	0.0002	1.5689163110541098	1.5570974349975586	0.8196	0.8424	0.8308
roberta-ner	1	20:20:40	0	0.1000	16.403048845324314	24.46065902709961	0.0000	0.0000	0.0000
roberta-ner	2	20:22:13	0	0.1000	9.225054932840216	6.355514049530029	0.5639	0.4448	0.4974
roberta-ner	3	20:23:48	0	0.1000	5.949007121272057	3.9431636333465576	0.6621	0.6912	0.6764
roberta-ner	4	20:25:22	0	0.1000	4.56753349454148	3.3782689571380615	0.6989	0.7034	0.7012
roberta-ner	5	20:27:01	0	0.1000	3.7206596743385747	2.6619198322296143	0.7624	0.7496	0.7559
roberta-ner	6	20:28:34	0	0.1000	3.261235331589321	2.503608226776123	0.7517	0.7900	0.7703
roberta-ner	7	20:30:07	0	0.1000	2.8691555269109377	2.074791431427002	0.7817	0.8311	0.8056
roberta-ner	8	20:31:40	0	0.1000	2.6753384437201158	1.8223528861999512	0.8030	0.8414	0.8217
roberta-ner	9	20:33:14	0	0.1000	2.520201497107932	1.7920489311218262	0.7986	0.8525	0.8247
roberta-ner	10	20:34:47	0	0.1000	2.3765494965907163	1.6417678594589233	0.8287	0.8424	0.8355
roberta-ner	11	20:36:26	1	0.1000	2.3106864960688465	1.7967162132263184	0.7938	0.8639	0.8274
roberta-ner	12	20:37:57	0	0.1000	2.193146453713471	1.6167749166488647	0.8140	0.8681	0.8402
roberta-ner	13	20:39:30	1	0.1000	2.1206096388259024	1.6567392349243164	0.8066	0.8706	0.8374
roberta-ner	14	20:41:00	0	0.1000	2.0432425662406586	1.4746508598327637	0.8327	0.8620	0.8471
roberta-ner	15	20:42:35	1	0.1000	1.998870681666728	1.5001205205917358	0.8246	0.8662	0.8449
roberta-ner	16	20:44:11	2	0.1000	1.946673335519227	1.5733011960983276	0.8096	0.8786	0.8427
roberta-ner	17	20:45:42	3	0.1000	1.8977799355608862	1.4871485233306885	0.8201	0.8711	0.8448
roberta-ner	18	20:47:14	4	0.1000	1.8504133719318319	1.4560455083847046	0.8203	0.8753	0.8469
roberta-ner	19	20:48:45	0	0.0500	1.7477827364543699	1.3754605054855347	0.8280	0.8774	0.8519
roberta-ner	20	20:50:19	0	0.0500	1.7150944418877176	1.3198981285095215	0.8370	0.8726	0.8544
roberta-ner	21	20:51:58	1	0.0500	1.7113468489556942	1.349854826927185	0.8314	0.8732	0.8518
roberta-ner	22	20:53:30	2	0.0500	1.685197577536481	1.3466212749481201	0.8288	0.8784	0.8529
roberta-ner	23	20:55:01	3	0.0500	1.6838507269913296	1.340521216392517	0.8295	0.8792	0.8536
roberta-ner	24	20:56:32	0	0.0500	1.6664859791221858	1.2990025281906128	0.8378	0.8739	0.8555
roberta-ner	25	20:58:06	1	0.0500	1.643283077755814	1.3089314699172974	0.8319	0.8804	0.8555
roberta-ner	26	20:59:43	2	0.0500	1.6402086851731785	1.2899410724639893	0.8339	0.8775	0.8552
roberta-ner	27	21:01:14	0	0.0500	1.6195043137988205	1.272278070449829	0.8399	0.8755	0.8573
roberta-ner	28	21:02:47	1	0.0500	1.6163599378657791	1.3111532926559448	0.8308	0.8835	0.8563
roberta-ner	29	21:04:19	0	0.0500	1.6004384628631785	1.2665855884552002	0.8362	0.8800	0.8575
roberta-ner	30	21:05:53	1	0.0500	1.592685359079133	1.2813701629638672	0.8352	0.8787	0.8564
roberta-ner	31	21:07:24	0	0.0500	1.5804096715255354	1.25480318069458	0.8370	0.8814	0.8586
roberta-ner	32	21:09:04	0	0.0500	1.5716566184781633	1.224665880203247	0.8420	0.8794	0.8603
roberta-ner	33	21:10:38	1	0.0500	1.5571312649444964	1.233618140220642	0.8468	0.8692	0.8579
roberta-ner	34	21:12:09	2	0.0500	1.552958144331878	1.2424452304840088	0.8356	0.8836	0.8589
roberta-ner	35	21:13:41	3	0.0500	1.5389817000934913	1.2606639862060547	0.8310	0.8879	0.8585
roberta-ner	36	21:15:12	4	0.0500	1.5357647167061859	1.3048678636550903	0.8270	0.8900	0.8573
roberta-ner	37	21:16:49	0	0.0250	1.5005680315149654	1.209684133529663	0.8413	0.8802	0.8603
roberta-ner	38	21:18:22	0	0.0250	1.4870540293507606	1.2375986576080322	0.8358	0.8864	0.8604
roberta-ner	39	21:19:55	0	0.0250	1.4870465214147508	1.2078847885131836	0.8405	0.8853	0.8623
roberta-ner	40	21:21:29	1	0.0250	1.4837677778687868	1.221388578414917	0.8364	0.8866	0.8607
roberta-ner	41	21:23:00	2	0.0250	1.4752517248849448	1.2024551630020142	0.8407	0.8841	0.8619
roberta-ner	42	21:24:36	3	0.0250	1.4656973814814345	1.2093294858932495	0.8383	0.8874	0.8621
roberta-ner	43	21:26:07	0	0.0250	1.4592455145697925	1.1849828958511353	0.8437	0.8834	0.8631
roberta-ner	44	21:27:41	1	0.0250	1.4629732347884268	1.240657925605774	0.8329	0.8903	0.8606
roberta-ner	45	21:29:12	2	0.0250	1.4643464320860569	1.199384331703186	0.8384	0.8875	0.8623
roberta-ner	46	21:30:44	0	0.0250	1.4520478061160202	1.1807371377944946	0.8436	0.8841	0.8634
roberta-ner	47	21:32:22	0	0.0250	1.4512873535636086	1.1784703731536865	0.8430	0.8858	0.8639
roberta-ner	48	21:33:56	1	0.0250	1.444713441830761	1.1884384155273438	0.8416	0.8859	0.8632
roberta-ner	49	21:35:27	2	0.0250	1.439006597740845	1.208566665649414	0.8366	0.8903	0.8626
roberta-ner	50	21:36:58	3	0.0250	1.441229025522868	1.184798240661621	0.8412	0.8874	0.8637
roberta-ner	51	21:38:31	4	0.0250	1.4328894150332085	1.2119262218475342	0.8351	0.8900	0.8617
roberta-ner	52	21:40:03	1	0.0125	1.4266287275830154	1.177415370941162	0.8420	0.8856	0.8633
roberta-ner	53	21:41:40	2	0.0125	1.4155850215527996	1.1809909343719482	0.8403	0.8875	0.8632
roberta-ner	54	21:43:12	0	0.0125	1.4106591055228275	1.1743502616882324	0.8415	0.8884	0.8644
roberta-ner	55	21:44:46	0	0.0125	1.4155912279332958	1.1708135604858398	0.8420	0.8880	0.8644
roberta-ner	56	21:46:20	1	0.0125	1.4052870933364772	1.1888306140899658	0.8385	0.8881	0.8626
roberta-ner	57	21:47:52	0	0.0125	1.4037903449820273	1.170666217803955	0.8413	0.8892	0.8646
roberta-ner	58	21:49:31	1	0.0125	1.40054418905726	1.1682871580123901	0.8428	0.8863	0.8640
roberta-ner	59	21:51:02	2	0.0125	1.4041608721955017	1.1730371713638306	0.8421	0.8881	0.8645
roberta-ner	60	21:52:34	0	0.0125	1.4030352838384281	1.164217233657837	0.8431	0.8888	0.8654
roberta-ner	61	21:54:07	1	0.0125	1.4041409664933786	1.163285255432129	0.8431	0.8882	0.8651
roberta-ner	62	21:55:38	2	0.0125	1.395434021200024	1.159848690032959	0.8419	0.8890	0.8648
roberta-ner	63	21:57:15	3	0.0125	1.3989832918598968	1.1777113676071167	0.8400	0.8893	0.8639
roberta-ner	64	21:58:46	4	0.0125	1.395170381234127	1.1653244495391846	0.8424	0.8883	0.8647
roberta-ner	65	22:00:17	1	0.0063	1.3856839241471681	1.1651145219802856	0.8419	0.8888	0.8647
roberta-ner	66	22:01:49	2	0.0063	1.3882589122784212	1.168215036392212	0.8410	0.8894	0.8645
roberta-ner	67	22:03:20	0	0.0063	1.383194331103151	1.1591672897338867	0.8432	0.8891	0.8655
roberta-ner	68	22:05:00	0	0.0063	1.3766117440829486	1.1554787158966064	0.8440	0.8882	0.8656
roberta-ner	69	22:06:34	1	0.0063	1.385471246527426	1.1577162742614746	0.8428	0.8890	0.8653
roberta-ner	70	22:08:06	0	0.0063	1.3778843737248354	1.1540257930755615	0.8438	0.8889	0.8658
roberta-ner	71	22:09:40	1	0.0063	1.3747323713962387	1.1581470966339111	0.8433	0.8881	0.8651
roberta-ner	72	22:11:12	0	0.0063	1.3733023914900966	1.1437257528305054	0.8463	0.8873	0.8663
roberta-ner	73	22:12:51	1	0.0063	1.3744794182807394	1.17144775390625	0.8405	0.8909	0.8650
roberta-ner	74	22:14:22	2	0.0063	1.3739459852002702	1.1676300764083862	0.8425	0.8897	0.8654
roberta-ner	75	22:15:54	3	0.0063	1.3807405150911343	1.1543368101119995	0.8439	0.8890	0.8659
roberta-ner	76	22:17:25	4	0.0063	1.3688507065083246	1.153655767440796	0.8435	0.8890	0.8656
roberta-ner	77	22:18:56	1	0.0031	1.3805763474050559	1.1533842086791992	0.8434	0.8893	0.8657
roberta-ner	78	22:20:28	2	0.0031	1.3762413983075124	1.150965690612793	0.8439	0.8898	0.8663
roberta-ner	79	22:22:04	3	0.0031	1.369281974228673	1.1572585105895996	0.8424	0.8900	0.8655
roberta-ner	80	22:23:36	4	0.0031	1.3642307062568904	1.1512640714645386	0.8434	0.8889	0.8656
roberta-ner	81	22:25:07	1	0.0016	1.3673353157703232	1.1486608982086182	0.8440	0.8892	0.8660
roberta-ner	82	22:26:39	0	0.0016	1.3652356233236924	1.1542601585388184	0.8433	0.8907	0.8664
roberta-ner	83	22:28:13	1	0.0016	1.367941584976964	1.156179428100586	0.8424	0.8906	0.8658
roberta-ner	84	22:29:49	2	0.0016	1.367456609348081	1.1467795372009277	0.8449	0.8889	0.8663
roberta-ner	85	22:31:20	3	0.0016	1.3657282658343046	1.1540424823760986	0.8434	0.8898	0.8660
roberta-ner	86	22:32:52	4	0.0016	1.3630070813796804	1.1480636596679688	0.8444	0.8888	0.8660
roberta-ner	87	22:34:24	1	0.0008	1.3580160568345268	1.1520044803619385	0.8434	0.8893	0.8658
roberta-ner	88	22:35:55	2	0.0008	1.3752941005634811	1.151487112045288	0.8440	0.8891	0.8660
roberta-ner	89	22:37:31	3	0.0008	1.35310109606329	1.156033992767334	0.8428	0.8899	0.8657
roberta-ner	90	22:39:02	4	0.0008	1.3617855527865812	1.152942180633545	0.8430	0.8897	0.8657
roberta-ner	91	22:40:33	1	0.0004	1.3628771500017658	1.152153491973877	0.8433	0.8894	0.8658
roberta-ner	92	22:42:05	2	0.0004	1.3651360633238308	1.151824951171875	0.8437	0.8896	0.8660
roberta-ner	93	22:43:36	3	0.0004	1.3632526885038652	1.1524546146392822	0.8432	0.8898	0.8659
roberta-ner	94	22:45:13	4	0.0004	1.3621174396958742	1.1497160196304321	0.8440	0.8891	0.8660
roberta-ner	95	22:46:44	1	0.0002	1.352113441851154	1.1527631282806396	0.8431	0.8895	0.8657
roberta-ner	96	22:48:15	2	0.0002	1.3578778850207538	1.1513080596923828	0.8432	0.8894	0.8657
roberta-ner	97	22:49:46	3	0.0002	1.358937233499011	1.150174617767334	0.8438	0.8893	0.8660
roberta-ner	98	22:51:18	4	0.0002	1.3597810230914902	1.1499613523483276	0.8441	0.8892	0.8661
xlm-roberta-ner	1	03:00:56	0	0.1000	17.606144373568725	29.04482650756836	0.0000	0.0000	0.0000
xlm-roberta-ner	2	03:02:46	0	0.1000	11.566004219295094	8.352828979492188	0.4486	0.4633	0.4558
xlm-roberta-ner	3	03:04:28	0	0.1000	7.85665421215993	5.318434715270996	0.6000	0.5971	0.5986
xlm-roberta-ner	4	03:06:08	0	0.1000	6.043884808162473	4.092787742614746	0.6476	0.6707	0.6589
xlm-roberta-ner	5	03:07:49	0	0.1000	5.100069010032798	3.563955783843994	0.7280	0.6646	0.6949
xlm-roberta-ner	6	03:09:29	0	0.1000	4.411107036302674	2.9869296550750732	0.7411	0.6998	0.7199
xlm-roberta-ner	7	03:11:09	0	0.1000	3.941064996539422	2.902395009994507	0.7080	0.7610	0.7335
xlm-roberta-ner	8	03:12:56	0	0.1000	3.5878489332379035	2.6589198112487793	0.7225	0.7805	0.7504
xlm-roberta-ner	9	03:14:36	0	0.1000	3.251442489384105	2.546613931655884	0.7304	0.7886	0.7584
xlm-roberta-ner	10	03:16:15	0	0.1000	3.0514366566759987	2.3179070949554443	0.7538	0.8059	0.7790
xlm-roberta-ner	11	03:17:57	1	0.1000	2.86054224788018	2.5549793243408203	0.7377	0.8034	0.7691
xlm-roberta-ner	12	03:19:33	0	0.1000	2.767472525062801	1.9087265729904175	0.7921	0.8141	0.8030
xlm-roberta-ner	13	03:21:13	1	0.1000	2.598315583834858	1.9729279279708862	0.7788	0.8135	0.7957
xlm-roberta-ner	14	03:22:47	2	0.1000	2.5168254225508973	2.0655875205993652	0.7686	0.8088	0.7882
xlm-roberta-ner	15	03:24:29	0	0.1000	2.451196495841884	1.7976630926132202	0.7899	0.8353	0.8120
xlm-roberta-ner	16	03:26:08	0	0.1000	2.353134815797866	1.8413667678833008	0.7872	0.8392	0.8124
xlm-roberta-ner	17	03:27:48	0	0.1000	2.2941469471409635	1.6700026988983154	0.8451	0.7872	0.8151
xlm-roberta-ner	18	03:29:27	0	0.1000	2.268899590714173	1.6875718832015991	0.8102	0.8347	0.8223
xlm-roberta-ner	19	03:31:07	1	0.1000	2.1694274143602863	1.7533806562423706	0.7883	0.8492	0.8176
xlm-roberta-ner	20	03:32:42	0	0.1000	2.1312601393873587	1.5640134811401367	0.8170	0.8469	0.8317
xlm-roberta-ner	21	03:34:22	1	0.1000	2.1043954720287203	1.5617879629135132	0.8115	0.8522	0.8314
xlm-roberta-ner	22	03:36:04	0	0.1000	2.067510201496148	1.5357823371887207	0.8125	0.8535	0.8325
xlm-roberta-ner	23	03:37:44	1	0.1000	2.017027328599174	1.5550990104675293	0.8130	0.8527	0.8323
xlm-roberta-ner	24	03:39:19	0	0.1000	2.002411164577652	1.5017948150634766	0.8146	0.8605	0.8369
xlm-roberta-ner	25	03:40:59	1	0.1000	1.9752637597749818	1.5304973125457764	0.8036	0.8722	0.8365
xlm-roberta-ner	26	03:42:34	0	0.1000	1.9467192393428874	1.4425325393676758	0.8184	0.8668	0.8419
xlm-roberta-ner	27	03:44:15	1	0.1000	1.924114595419206	1.4232763051986694	0.8192	0.8656	0.8418
xlm-roberta-ner	28	03:45:57	2	0.1000	1.8935851465980962	1.4413630962371826	0.8139	0.8689	0.8405
xlm-roberta-ner	29	03:47:32	3	0.1000	1.867627923593581	1.5107455253601074	0.8074	0.8673	0.8363
xlm-roberta-ner	30	03:49:07	0	0.1000	1.8456119726288993	1.4074931144714355	0.8191	0.8689	0.8433
xlm-roberta-ner	31	03:50:47	0	0.1000	1.8255178201123603	1.3557041883468628	0.8419	0.8534	0.8476
xlm-roberta-ner	32	03:52:27	1	0.1000	1.7994308719095193	1.4035508632659912	0.8156	0.8712	0.8425
xlm-roberta-ner	33	03:54:01	0	0.1000	1.7735085779765867	1.3504022359848022	0.8279	0.8712	0.8490
xlm-roberta-ner	34	03:55:44	0	0.1000	1.771201288175283	1.326799988746643	0.8379	0.8638	0.8507
xlm-roberta-ner	35	03:57:32	1	0.1000	1.7486325007564616	1.4246678352355957	0.8146	0.8795	0.8458
xlm-roberta-ner	36	03:59:04	2	0.1000	1.7161201988376162	1.3180091381072998	0.8280	0.8724	0.8496
xlm-roberta-ner	37	04:00:36	3	0.1000	1.7136845851094469	1.3402636051177979	0.8237	0.8785	0.8502
xlm-roberta-ner	38	04:02:08	4	0.1000	1.7034453573466848	1.3533670902252197	0.8229	0.8798	0.8504
xlm-roberta-ner	39	04:03:40	0	0.0500	1.6131628181949351	1.283948302268982	0.8297	0.8763	0.8524
xlm-roberta-ner	40	04:05:19	0	0.0500	1.5942184775130555	1.2673885822296143	0.8339	0.8761	0.8545
xlm-roberta-ner	41	04:06:58	0	0.0500	1.5786764531765345	1.2654972076416016	0.8325	0.8784	0.8548
xlm-roberta-ner	42	04:08:48	0	0.0500	1.5834740505278486	1.2490311861038208	0.8391	0.8751	0.8567
xlm-roberta-ner	43	04:10:28	1	0.0500	1.567345843375104	1.2642587423324585	0.8317	0.8802	0.8553
xlm-roberta-ner	44	04:12:03	2	0.0500	1.5628317324620373	1.2410829067230225	0.8377	0.8754	0.8561
xlm-roberta-ner	45	04:13:38	0	0.0500	1.5598858122555714	1.2395635843276978	0.8492	0.8648	0.8570
xlm-roberta-ner	46	04:15:18	1	0.0500	1.549317701807562	1.2855124473571777	0.8261	0.8821	0.8532
xlm-roberta-ner	47	04:16:53	2	0.0500	1.531459778359851	1.2088106870651245	0.8431	0.8700	0.8564
xlm-roberta-ner	48	04:18:35	3	0.0500	1.5364808856316332	1.2741169929504395	0.8284	0.8826	0.8547
xlm-roberta-ner	49	04:20:09	0	0.0500	1.530230702094312	1.216003656387329	0.8404	0.8760	0.8578
xlm-roberta-ner	50	04:21:49	1	0.0500	1.5245758212587368	1.2315233945846558	0.8350	0.8801	0.8569
xlm-roberta-ner	51	04:23:24	2	0.0500	1.5133712561625354	1.256052851676941	0.8300	0.8833	0.8558
xlm-roberta-ner	52	04:24:59	0	0.0500	1.509998712149806	1.2123193740844727	0.8381	0.8812	0.8591
xlm-roberta-ner	53	04:26:39	1	0.0500	1.5135138289733503	1.2737364768981934	0.8267	0.8852	0.8550
xlm-roberta-ner	54	04:28:13	2	0.0500	1.5017698133516613	1.22310471534729	0.8336	0.8821	0.8572
xlm-roberta-ner	55	04:29:54	3	0.0500	1.4984282869962777	1.2432887554168701	0.8303	0.8832	0.8559
xlm-roberta-ner	56	04:31:29	4	0.0500	1.4964219031843748	1.2335937023162842	0.8337	0.8824	0.8573
xlm-roberta-ner	57	04:33:04	1	0.0250	1.4552084702365804	1.2091524600982666	0.8338	0.8843	0.8584
xlm-roberta-ner	58	04:34:38	2	0.0250	1.447142702228618	1.219306468963623	0.8339	0.8849	0.8586
xlm-roberta-ner	59	04:36:13	3	0.0250	1.4497392874843669	1.2058815956115723	0.8362	0.8824	0.8587
xlm-roberta-ner	60	04:37:48	0	0.0250	1.4468429103587408	1.193866491317749	0.8372	0.8838	0.8599
xlm-roberta-ner	61	04:39:28	1	0.0250	1.454226661028352	1.186809778213501	0.8395	0.8802	0.8594
xlm-roberta-ner	62	04:41:10	0	0.0250	1.4455856572157182	1.1921240091323853	0.8424	0.8814	0.8615
xlm-roberta-ner	63	04:42:50	1	0.0250	1.4379726041038081	1.2056701183319092	0.8336	0.8840	0.8581
xlm-roberta-ner	64	04:44:25	2	0.0250	1.4334263479184803	1.2163071632385254	0.8330	0.8849	0.8582
xlm-roberta-ner	65	04:46:00	3	0.0250	1.4318019234159458	1.200272560119629	0.8350	0.8848	0.8592
xlm-roberta-ner	66	04:47:35	4	0.0250	1.4323611529368274	1.1848387718200684	0.8412	0.8805	0.8604
xlm-roberta-ner	67	04:49:10	1	0.0125	1.4111925378535528	1.1929278373718262	0.8359	0.8852	0.8599
xlm-roberta-ner	68	04:50:45	2	0.0125	1.4105618022522837	1.1889898777008057	0.8363	0.8850	0.8600
xlm-roberta-ner	69	04:52:27	3	0.0125	1.4142243532264758	1.1901167631149292	0.8365	0.8860	0.8606
xlm-roberta-ner	70	04:54:02	4	0.0125	1.4125567112328872	1.2017791271209717	0.8349	0.8848	0.8591
xlm-roberta-ner	71	04:55:37	1	0.0063	1.3976155339546923	1.191243052482605	0.8362	0.8855	0.8601
xlm-roberta-ner	72	04:57:12	2	0.0063	1.4035912992069557	1.1735785007476807	0.8404	0.8822	0.8608
xlm-roberta-ner	73	04:58:47	3	0.0063	1.4038650037357643	1.177193284034729	0.8387	0.8839	0.8607
xlm-roberta-ner	74	05:00:21	4	0.0063	1.4009681257811732	1.1781023740768433	0.8393	0.8843	0.8612
xlm-roberta-ner	75	05:02:01	1	0.0031	1.3979168470550634	1.1885316371917725	0.8360	0.8858	0.8602
xlm-roberta-ner	76	05:03:35	2	0.0031	1.3951063343563919	1.1800647974014282	0.8386	0.8850	0.8612
xlm-roberta-ner	77	05:05:09	3	0.0031	1.4025482681562316	1.177182912826538	0.8398	0.8839	0.8613
xlm-roberta-ner	78	05:06:44	4	0.0031	1.3957528370731282	1.1764793395996094	0.8388	0.8844	0.8610
xlm-roberta-ner	79	05:08:18	1	0.0016	1.3975900021738976	1.1770331859588623	0.8388	0.8847	0.8611
xlm-roberta-ner	80	05:09:52	2	0.0016	1.4004249647728302	1.1773320436477661	0.8389	0.8851	0.8614
xlm-roberta-ner	81	05:11:26	3	0.0016	1.3956919128789842	1.1779539585113525	0.8390	0.8850	0.8614
xlm-roberta-ner	82	05:13:08	4	0.0016	1.3982386199183434	1.1784968376159668	0.8391	0.8846	0.8612
xlm-roberta-ner	83	05:14:41	1	0.0008	1.393215700515411	1.178192377090454	0.8391	0.8842	0.8611
xlm-roberta-ner	84	05:16:16	2	0.0008	1.3956849410099053	1.1760884523391724	0.8394	0.8841	0.8612
xlm-roberta-ner	85	05:17:51	3	0.0008	1.3974885415730987	1.178128719329834	0.8386	0.8848	0.8611
xlm-roberta-ner	86	05:19:25	0	0.0008	1.3950500653224922	1.1755831241607666	0.8397	0.8846	0.8616
xlm-roberta-ner	87	05:21:05	1	0.0008	1.3892390210673493	1.1767982244491577	0.8388	0.8850	0.8613
xlm-roberta-ner	88	05:22:39	0	0.0008	1.3878115303111527	1.178316593170166	0.8393	0.8852	0.8617
xlm-roberta-ner	89	05:24:26	1	0.0008	1.394879398855773	1.175696849822998	0.8396	0.8844	0.8614
xlm-roberta-ner	90	05:26:00	2	0.0008	1.3997416173886952	1.1772398948669434	0.8392	0.8852	0.8616
xlm-roberta-ner	91	05:27:35	3	0.0008	1.39216914416859	1.1785953044891357	0.8385	0.8857	0.8614
xlm-roberta-ner	92	05:29:09	0	0.0008	1.3937717031382915	1.1771550178527832	0.8396	0.8849	0.8617
xlm-roberta-ner	93	05:30:49	1	0.0008	1.3949802611608926	1.1751612424850464	0.8400	0.8845	0.8617
xlm-roberta-ner	94	05:32:23	2	0.0008	1.39711834874543	1.176432490348816	0.8397	0.8843	0.8615
xlm-roberta-ner	95	05:34:05	3	0.0008	1.3897090430529613	1.1790111064910889	0.8388	0.8855	0.8615
xlm-roberta-ner	96	05:35:38	4	0.0008	1.3943941848083112	1.1804825067520142	0.8383	0.8860	0.8615
xlm-roberta-ner	97	05:37:12	0	0.0004	1.3998024696074192	1.1751346588134766	0.8400	0.8848	0.8618
xlm-roberta-ner	98	05:38:52	1	0.0004	1.3913390861367279	1.177582859992981	0.8387	0.8857	0.8616
xlm-roberta-ner	99	05:40:26	2	0.0004	1.3905569622351688	1.1783277988433838	0.8386	0.8858	0.8615
xlm-roberta-ner	100	05:42:00	3	0.0004	1.3892522945344072	1.1766215562820435	0.8394	0.8853	0.8617
xlnet-ner	1	23:36:59	0	0.1000	11.82919226858601	19.21619415283203	0.0000	0.0000	0.0000
xlnet-ner	2	23:38:52	0	0.1000	5.6443527029745235	3.654961347579956	0.6664	0.7390	0.7008
xlnet-ner	3	23:40:50	0	0.1000	3.8709839994802415	2.526247978210449	0.7575	0.7773	0.7673
xlnet-ner	4	23:42:41	0	0.1000	3.267367575903359	2.333583116531372	0.7540	0.8117	0.7818
xlnet-ner	5	23:44:31	0	0.1000	2.93436927315574	2.2852087020874023	0.7473	0.8330	0.7878
xlnet-ner	6	23:46:22	0	0.1000	2.7225159998959714	2.1969094276428223	0.7631	0.8405	0.8000
xlnet-ner	7	23:48:13	0	0.1000	2.553948550854089	1.8383984565734863	0.7956	0.8418	0.8181
xlnet-ner	8	23:50:03	0	0.1000	2.4346257358227135	1.718027114868164	0.8113	0.8427	0.8267
xlnet-ner	9	23:52:01	1	0.1000	2.337544285276401	1.7097952365875244	0.8052	0.8478	0.8259
xlnet-ner	10	23:53:49	0	0.1000	2.2682526276546455	1.6221116781234741	0.8191	0.8430	0.8309
xlnet-ner	11	23:55:28	0	0.1000	2.187955066093109	1.6577743291854858	0.8108	0.8539	0.8318
xlnet-ner	12	23:57:07	0	0.1000	2.1391784822416007	1.594948649406433	0.8096	0.8628	0.8354
xlnet-ner	13	23:58:46	0	0.1000	2.066167735453672	1.6140868663787842	0.8084	0.8671	0.8367
xlnet-ner	14	00:00:26	0	0.1000	2.024177135161634	1.536745309829712	0.8178	0.8674	0.8419
xlnet-ner	15	00:02:12	1	0.1000	1.9892062885956194	1.5822505950927734	0.8080	0.8676	0.8367
xlnet-ner	16	00:03:48	0	0.1000	1.9380107668210875	1.529908537864685	0.8159	0.8715	0.8428
xlnet-ner	17	00:05:27	0	0.1000	1.904336338523049	1.4544647932052612	0.8268	0.8610	0.8435
xlnet-ner	18	00:07:12	0	0.1000	1.8697342842629872	1.388267993927002	0.8368	0.8608	0.8487
xlnet-ner	19	00:08:57	1	0.1000	1.8505159691444732	1.447791576385498	0.8202	0.8714	0.8450
xlnet-ner	20	00:10:40	2	0.1000	1.8037419311655392	1.446258783340454	0.8204	0.8781	0.8482
xlnet-ner	21	00:12:29	0	0.1000	1.7811945736783106	1.3826059103012085	0.8269	0.8717	0.8487
xlnet-ner	22	00:14:13	0	0.1000	1.7461727955056436	1.3538837432861328	0.8329	0.8721	0.8520
xlnet-ner	23	00:15:59	1	0.1000	1.7231335977338396	1.3356246948242188	0.8388	0.8606	0.8496
xlnet-ner	24	00:17:41	2	0.1000	1.7045360481214222	1.3926098346710205	0.8219	0.8816	0.8507
xlnet-ner	25	00:19:23	3	0.1000	1.6955983668753185	1.4496959447860718	0.8159	0.8801	0.8468
xlnet-ner	26	00:21:06	4	0.1000	1.6692186556522202	1.4262950420379639	0.8184	0.8831	0.8495
xlnet-ner	27	00:22:55	0	0.0500	1.6131938028635469	1.3267760276794434	0.8301	0.8794	0.8540
xlnet-ner	28	00:24:39	1	0.0500	1.5890821540880504	1.3050081729888916	0.8301	0.8782	0.8535
xlnet-ner	29	00:26:21	0	0.0500	1.5838798067104891	1.301415205001831	0.8347	0.8796	0.8566
xlnet-ner	30	00:28:06	1	0.0500	1.572977141764179	1.281067132949829	0.8355	0.8774	0.8559
xlnet-ner	31	00:29:49	2	0.0500	1.5616735977196843	1.2859370708465576	0.8326	0.8780	0.8547
xlnet-ner	32	00:31:31	0	0.0500	1.5514277129803065	1.2738280296325684	0.8367	0.8787	0.8572
xlnet-ner	33	00:33:23	1	0.0500	1.549196313762065	1.2835307121276855	0.8340	0.8810	0.8569
xlnet-ner	34	00:35:05	2	0.0500	1.5425135122155242	1.3086405992507935	0.8285	0.8812	0.8540
xlnet-ner	35	00:36:47	0	0.0500	1.536454789293637	1.253934621810913	0.8353	0.8807	0.8574
xlnet-ner	36	00:38:32	0	0.0500	1.5158465830784924	1.2582372426986694	0.8370	0.8797	0.8578
xlnet-ner	37	00:40:16	1	0.0500	1.5157684440132957	1.2453579902648926	0.8380	0.8764	0.8567
xlnet-ner	38	00:41:59	2	0.0500	1.495929665535501	1.2928528785705566	0.8311	0.8847	0.8571
xlnet-ner	39	00:43:48	3	0.0500	1.498114527396436	1.2779161930084229	0.8326	0.8842	0.8576
xlnet-ner	40	00:45:30	0	0.0500	1.4764421346052639	1.2788375616073608	0.8324	0.8862	0.8585
xlnet-ner	41	00:47:15	1	0.0500	1.4729030589637517	1.2826282978057861	0.8319	0.8856	0.8579
xlnet-ner	42	00:48:58	0	0.0500	1.4647642201597586	1.243609070777893	0.8395	0.8793	0.8589
xlnet-ner	43	00:50:37	1	0.0500	1.463139000928627	1.2513597011566162	0.8332	0.8837	0.8578
xlnet-ner	44	00:52:15	0	0.0500	1.4462624795781742	1.2444114685058594	0.8347	0.8851	0.8592
xlnet-ner	45	00:54:01	1	0.0500	1.4382631441332259	1.2436060905456543	0.8384	0.8809	0.8591
xlnet-ner	46	00:55:37	0	0.0500	1.4385654491448552	1.2234644889831543	0.8417	0.8800	0.8604
xlnet-ner	47	00:57:16	1	0.0500	1.4296558480592643	1.2749698162078857	0.8308	0.8866	0.8578
xlnet-ner	48	00:58:53	0	0.0500	1.4234590350456957	1.224554419517517	0.8403	0.8830	0.8611
xlnet-ner	49	01:00:33	1	0.0500	1.4152150424021595	1.2422999143600464	0.8345	0.8844	0.8587
xlnet-ner	50	01:02:10	2	0.0500	1.404758023765852	1.262953519821167	0.8318	0.8894	0.8597
xlnet-ner	51	01:03:53	3	0.0500	1.4024446295492303	1.2371392250061035	0.8366	0.8863	0.8608
xlnet-ner	52	01:05:30	0	0.0500	1.38820237408644	1.2131110429763794	0.8415	0.8857	0.8631
xlnet-ner	53	01:07:12	1	0.0500	1.3864900256102939	1.256630301475525	0.8339	0.8882	0.8602
xlnet-ner	54	01:08:49	2	0.0500	1.3736341666875396	1.1920154094696045	0.8439	0.8808	0.8619
xlnet-ner	55	01:10:25	0	0.0500	1.3764702688972905	1.205277442932129	0.8417	0.8858	0.8632
xlnet-ner	56	01:12:05	1	0.0500	1.3676827343754798	1.2252624034881592	0.8388	0.8865	0.8620
xlnet-ner	57	01:13:48	2	0.0500	1.3644573598537806	1.2235891819000244	0.8411	0.8856	0.8628
xlnet-ner	58	01:15:24	3	0.0500	1.3478868180101022	1.2083723545074463	0.8410	0.8858	0.8629
xlnet-ner	59	01:17:00	4	0.0500	1.3433660531193956	1.233475923538208	0.8351	0.8907	0.8620
xlnet-ner	60	01:18:36	0	0.0250	1.3192864521494452	1.209641695022583	0.8421	0.8860	0.8635
xlnet-ner	61	01:20:17	0	0.0250	1.3177252633016814	1.2072380781173706	0.8418	0.8877	0.8641
xlnet-ner	62	01:21:56	1	0.0250	1.3156978866589144	1.2288522720336914	0.8377	0.8908	0.8635
xlnet-ner	63	01:23:39	2	0.0250	1.3139320319553591	1.2138173580169678	0.8394	0.8895	0.8638
xlnet-ner	64	01:25:15	3	0.0250	1.3101717668509334	1.2213153839111328	0.8377	0.8892	0.8627
xlnet-ner	65	01:26:52	4	0.0250	1.3028906883683595	1.2166037559509277	0.8382	0.8904	0.8635
xlnet-ner	66	01:28:29	1	0.0125	1.299111489229982	1.217079758644104	0.8395	0.8880	0.8631
xlnet-ner	67	01:30:06	0	0.0125	1.2914657390342568	1.2046657800674438	0.8411	0.8886	0.8642
xlnet-ner	68	01:31:45	1	0.0125	1.2873412385676641	1.2154254913330078	0.8384	0.8887	0.8628
xlnet-ner	69	01:33:28	2	0.0125	1.2828806331322629	1.2127344608306885	0.8394	0.8903	0.8641
xlnet-ner	70	01:35:04	0	0.0125	1.2862913915946048	1.1996831893920898	0.8429	0.8882	0.8650
xlnet-ner	71	01:36:43	1	0.0125	1.2821176456955243	1.2034001350402832	0.8419	0.8879	0.8643
xlnet-ner	72	01:38:20	2	0.0125	1.2743089723886933	1.2146810293197632	0.8396	0.8892	0.8637
xlnet-ner	73	01:39:58	3	0.0125	1.276038535735892	1.2053158283233643	0.8419	0.8882	0.8645
xlnet-ner	74	01:41:34	4	0.0125	1.2749242617649101	1.1982921361923218	0.8434	0.8875	0.8649
xlnet-ner	75	01:43:17	1	0.0063	1.2700511801917598	1.2011361122131348	0.8429	0.8882	0.8650
xlnet-ner	76	01:44:54	2	0.0063	1.26306496213817	1.196081519126892	0.8423	0.8883	0.8647
xlnet-ner	77	01:46:30	3	0.0063	1.2636898456129637	1.21349036693573	0.8393	0.8904	0.8641
xlnet-ner	78	01:48:07	0	0.0063	1.2657655679954674	1.2021706104278564	0.8427	0.8887	0.8651
xlnet-ner	79	01:49:46	1	0.0063	1.2603595316784937	1.2070000171661377	0.8414	0.8886	0.8644
xlnet-ner	80	01:51:23	2	0.0063	1.263127550763904	1.1959547996520996	0.8430	0.8883	0.8650
xlnet-ner	81	01:53:06	3	0.0063	1.2581976119827174	1.1917428970336914	0.8447	0.8859	0.8648
xlnet-ner	82	01:54:42	4	0.0063	1.2658578547291786	1.2001104354858398	0.8428	0.8881	0.8649
xlnet-ner	83	01:56:19	1	0.0031	1.2538865722200405	1.199657678604126	0.8428	0.8883	0.8650
xlnet-ner	84	01:57:55	2	0.0031	1.2612454733758602	1.2078430652618408	0.8418	0.8892	0.8649
xlnet-ner	85	01:59:32	0	0.0031	1.257340594657562	1.191467523574829	0.8447	0.8879	0.8658
xlnet-ner	86	02:01:11	1	0.0031	1.2649962182314891	1.2037166357040405	0.8414	0.8890	0.8645
xlnet-ner	87	02:02:48	2	0.0031	1.2555424346114106	1.200047492980957	0.8427	0.8883	0.8649
xlnet-ner	88	02:04:30	3	0.0031	1.2622951801467992	1.20450758934021	0.8415	0.8901	0.8651
xlnet-ner	89	02:06:06	4	0.0031	1.2517059940212178	1.2151992321014404	0.8396	0.8902	0.8642
xlnet-ner	90	02:07:43	1	0.0016	1.260560672238188	1.204872727394104	0.8415	0.8892	0.8647
xlnet-ner	91	02:09:19	2	0.0016	1.2484774334625628	1.2092607021331787	0.8412	0.8899	0.8649
xlnet-ner	92	02:10:56	3	0.0016	1.2594808774924129	1.2075024843215942	0.8410	0.8893	0.8645
xlnet-ner	93	02:12:33	4	0.0016	1.2450229071971006	1.200127124786377	0.8425	0.8888	0.8650
xlnet-ner	94	02:14:16	1	0.0008	1.2531362764490475	1.1983182430267334	0.8428	0.8887	0.8651
xlnet-ner	95	02:15:52	2	0.0008	1.2598938154724408	1.200937032699585	0.8425	0.8894	0.8653
xlnet-ner	96	02:17:29	3	0.0008	1.2573287037183654	1.2025837898254395	0.8421	0.8892	0.8650
xlnet-ner	97	02:19:06	4	0.0008	1.2585004815515481	1.2011587619781494	0.8425	0.8895	0.8654
xlnet-ner	98	02:20:44	1	0.0004	1.2474508139322389	1.1997246742248535	0.8428	0.8891	0.8654
xlnet-ner	99	02:22:26	2	0.0004	1.2496835923044936	1.1992151737213135	0.8430	0.8889	0.8654
xlnet-ner	100	02:24:15	3	0.0004	1.2545732709596742	1.1996313333511353	0.8429	0.8890	0.8654
