MODEL	EPOCH	TIMESTAMP	BAD_EPOCHS	LEARNING_RATE	TRAIN_LOSS	DEV_LOSS	DEV_PRECISION	DEV_RECALL	DEV_F1
elmo-ner	1	23:05:55	0	0.1000	8.026696146437615	3.3130152225494385	0.4465	0.5917	0.5090
elmo-ner	2	23:06:03	0	0.1000	2.3036342028415566	1.8300327062606812	0.7734	0.8250	0.7984
elmo-ner	3	23:06:11	0	0.1000	1.6562979383902117	1.5515893697738647	0.8699	0.8917	0.8807
elmo-ner	4	23:06:19	1	0.1000	1.2245415232398293	1.4866600036621094	0.8750	0.8167	0.8448
elmo-ner	5	23:06:27	0	0.1000	0.9947918364495942	1.3855713605880737	0.8833	0.8833	0.8833
elmo-ner	6	23:06:35	1	0.1000	0.9099506017836657	1.5210213661193848	0.8947	0.8500	0.8718
elmo-ner	7	23:06:42	2	0.1000	0.7923384110132853	1.478327989578247	0.8618	0.8833	0.8724
elmo-ner	8	23:06:50	0	0.1000	0.8126217686768734	1.4760842323303223	0.8862	0.9083	0.8971
elmo-ner	9	23:07:00	1	0.1000	0.6997399366263187	1.5856542587280273	0.8560	0.8917	0.8735
elmo-ner	10	23:07:08	2	0.1000	0.6644924228841608	1.7380547523498535	0.8640	0.9000	0.8816
elmo-ner	11	23:07:16	3	0.1000	0.520319910663547	1.6009516716003418	0.8992	0.8917	0.8954
elmo-ner	12	23:07:24	0	0.1000	0.5059209068616232	1.4757096767425537	0.9328	0.9250	0.9289
elmo-ner	13	23:07:33	0	0.1000	0.46469738808545197	1.4980134963989258	0.9256	0.9333	0.9295
elmo-ner	14	23:07:41	0	0.1000	0.4354184251843077	1.3969337940216064	0.9187	0.9417	0.9300
elmo-ner	15	23:07:50	1	0.1000	0.414784827467167	1.385507345199585	0.9024	0.9250	0.9136
elmo-ner	16	23:07:58	2	0.1000	0.39631587899092474	1.4423158168792725	0.9167	0.9167	0.9167
elmo-ner	17	23:08:06	3	0.1000	0.307853049401081	1.371203899383545	0.8960	0.9333	0.9143
elmo-ner	18	23:08:13	4	0.1000	0.3232962475581603	1.5143015384674072	0.8880	0.9250	0.9061
elmo-ner	19	23:08:21	1	0.0500	0.2885963103987954	1.5518341064453125	0.9106	0.9333	0.9218
elmo-ner	20	23:08:29	0	0.0500	0.2791821776014386	1.599031925201416	0.9194	0.9500	0.9344
elmo-ner	21	23:08:37	1	0.0500	0.2517358913566127	1.5667630434036255	0.8960	0.9333	0.9143
elmo-ner	22	23:08:45	0	0.0500	0.20310931585051797	1.4955527782440186	0.9417	0.9417	0.9417
elmo-ner	23	23:08:54	1	0.0500	0.1974043409819856	1.6254924535751343	0.9040	0.9417	0.9224
elmo-ner	24	23:09:02	2	0.0500	0.20762699842453003	1.5979489088058472	0.9113	0.9417	0.9262
elmo-ner	25	23:09:09	3	0.0500	0.18855189057913693	1.6504952907562256	0.9268	0.9500	0.9383
elmo-ner	26	23:09:17	4	0.0500	0.1899547619237141	1.6963257789611816	0.9194	0.9500	0.9344
elmo-ner	27	23:09:25	0	0.0250	0.1803613892107299	1.6053987741470337	0.9274	0.9583	0.9426
elmo-ner	28	23:09:33	1	0.0250	0.16989605851245648	1.684211015701294	0.9200	0.9583	0.9388
elmo-ner	29	23:09:41	0	0.0250	0.17083151232112537	1.749448299407959	0.9280	0.9667	0.9469
elmo-ner	30	23:09:49	1	0.0250	0.13304851610552182	1.8319551944732666	0.9200	0.9583	0.9388
elmo-ner	31	23:09:57	2	0.0250	0.1900134700717348	1.8636479377746582	0.9200	0.9583	0.9388
elmo-ner	32	23:10:05	3	0.0250	0.15402798851331076	1.7853929996490479	0.9280	0.9667	0.9469
elmo-ner	33	23:10:12	4	0.0250	0.18176154340758469	1.6805458068847656	0.9200	0.9583	0.9388
elmo-ner	34	23:10:20	1	0.0125	0.14831664887341586	1.731248378753662	0.9200	0.9583	0.9388
elmo-ner	35	23:10:27	2	0.0125	0.15056326144346685	1.741269588470459	0.9200	0.9583	0.9388
elmo-ner	36	23:10:35	3	0.0125	0.16521433266726407	1.7516944408416748	0.9200	0.9583	0.9388
elmo-ner	37	23:10:42	4	0.0125	0.1271148920059204	1.722001075744629	0.9200	0.9583	0.9388
elmo-ner	38	23:10:49	1	0.0063	0.1455447296753074	1.7225816249847412	0.9200	0.9583	0.9388
elmo-ner	39	23:10:56	2	0.0063	0.13180235112932595	1.730851411819458	0.9200	0.9583	0.9388
elmo-ner	40	23:11:04	3	0.0063	0.126400016022451	1.729870080947876	0.9200	0.9583	0.9388
elmo-ner	41	23:11:11	4	0.0063	0.13874612522847724	1.721656322479248	0.9200	0.9583	0.9388
elmo-ner	42	23:11:18	1	0.0031	0.1382742291598609	1.732804775238037	0.9200	0.9583	0.9388
elmo-ner	43	23:11:25	2	0.0031	0.1312947575793122	1.739959716796875	0.9200	0.9583	0.9388
elmo-ner	44	23:11:32	3	0.0031	0.13952634077180515	1.7525460720062256	0.9200	0.9583	0.9388
elmo-ner	45	23:11:39	4	0.0031	0.11498020442597794	1.7496447563171387	0.9200	0.9583	0.9388
elmo-ner	46	23:11:47	1	0.0016	0.15304412083192306	1.7491025924682617	0.9200	0.9583	0.9388
elmo-ner	47	23:11:54	2	0.0016	0.15549157080099438	1.7391188144683838	0.9200	0.9583	0.9388
elmo-ner	48	23:12:01	3	0.0016	0.15142951702529733	1.743940830230713	0.9200	0.9583	0.9388
elmo-ner	49	23:12:08	4	0.0016	0.15364655265302368	1.7450413703918457	0.9200	0.9583	0.9388
elmo-ner	50	23:12:15	1	0.0008	0.17225669911413483	1.745935320854187	0.9200	0.9583	0.9388
elmo-ner	51	23:12:23	2	0.0008	0.1562978702061104	1.7458794116973877	0.9200	0.9583	0.9388
elmo-ner	52	23:12:30	3	0.0008	0.15431421814542828	1.747614860534668	0.9200	0.9583	0.9388
elmo-ner	53	23:12:37	4	0.0008	0.12873515509294742	1.749295711517334	0.9200	0.9583	0.9388
elmo-ner	54	23:12:44	1	0.0004	0.1296490380032496	1.7515583038330078	0.9200	0.9583	0.9388
elmo-ner	55	23:12:52	2	0.0004	0.1456407369537787	1.750730276107788	0.9200	0.9583	0.9388
elmo-ner	56	23:12:59	3	0.0004	0.16423872384158048	1.750241756439209	0.9200	0.9583	0.9388
elmo-ner	57	23:13:06	4	0.0004	0.1302865179199161	1.7490334510803223	0.9200	0.9583	0.9388
elmo-ner	58	23:13:13	1	0.0002	0.13066756138295837	1.748836636543274	0.9200	0.9583	0.9388
elmo-ner	59	23:13:21	2	0.0002	0.1472234772800496	1.7491509914398193	0.9200	0.9583	0.9388
elmo-ner	60	23:13:28	3	0.0002	0.13698708819168987	1.7496984004974365	0.9200	0.9583	0.9388
elmo-ner	61	23:13:35	4	0.0002	0.144327132990866	1.7490012645721436	0.9200	0.9583	0.9388
finbert-char-ner	1	22:39:59	0	0.1000	9.548281449260134	2.885417938232422	0.5821	0.6610	0.6190
finbert-char-ner	2	22:40:22	0	0.1000	3.093243313558174	1.7788580656051636	0.9691	0.7966	0.8744
finbert-char-ner	3	22:40:44	1	0.1000	2.217902447238113	1.159432053565979	0.9000	0.8390	0.8684
finbert-char-ner	4	22:41:06	2	0.1000	1.6710970266298815	1.1109609603881836	0.8293	0.8644	0.8465
finbert-char-ner	5	22:41:28	3	0.1000	1.4748902989156318	1.2973119020462036	0.8254	0.8814	0.8525
finbert-char-ner	6	22:41:49	0	0.1000	1.3903291098999255	0.9361362457275391	0.8824	0.8898	0.8861
finbert-char-ner	7	22:42:12	0	0.1000	1.1086561002514579	0.9052789211273193	0.8760	0.8983	0.8870
finbert-char-ner	8	22:42:34	0	0.1000	1.0865061675960368	0.8268387317657471	0.9145	0.9068	0.9106
finbert-char-ner	9	22:42:57	0	0.1000	0.864363120360808	1.1398546695709229	0.9633	0.8898	0.9251
finbert-char-ner	10	22:43:19	1	0.1000	0.8591318798787666	0.8656315803527832	0.9153	0.9153	0.9153
finbert-char-ner	11	22:43:41	2	0.1000	0.8586077066985044	0.8874572515487671	0.9060	0.8983	0.9021
finbert-char-ner	12	22:44:03	3	0.1000	0.7851732273896536	0.8204094767570496	0.9224	0.9068	0.9145
finbert-char-ner	13	22:44:24	0	0.1000	0.6877146110390172	1.0269023180007935	0.9643	0.9153	0.9391
finbert-char-ner	14	22:44:47	1	0.1000	0.697357534459143	0.9094526767730713	0.9217	0.8983	0.9099
finbert-char-ner	15	22:45:08	2	0.1000	0.6908163834701885	0.8124061822891235	0.9391	0.9153	0.9270
finbert-char-ner	16	22:45:30	3	0.1000	0.5515360913493417	0.8410418033599854	0.9231	0.9153	0.9191
finbert-char-ner	17	22:45:51	4	0.1000	0.5065432335391189	0.8360390663146973	0.9224	0.9068	0.9145
finbert-char-ner	18	22:46:13	1	0.0500	0.4740210089719657	0.8278025984764099	0.9316	0.9237	0.9277
finbert-char-ner	19	22:46:35	2	0.0500	0.42268899308912683	0.7886771559715271	0.9145	0.9068	0.9106
finbert-char-ner	20	22:46:57	3	0.0500	0.36763700571927155	0.8642867207527161	0.9304	0.9068	0.9185
finbert-char-ner	21	22:47:18	4	0.0500	0.31749844325311255	0.8551385998725891	0.9224	0.9068	0.9145
finbert-char-ner	22	22:47:39	1	0.0250	0.348978674773014	0.8385794162750244	0.9145	0.9068	0.9106
finbert-char-ner	23	22:48:01	2	0.0250	0.3778674760551164	0.8176944851875305	0.9231	0.9153	0.9191
finbert-char-ner	24	22:48:23	3	0.0250	0.3394440884391467	0.8546987771987915	0.9231	0.9153	0.9191
finbert-char-ner	25	22:48:44	4	0.0250	0.35472224991429935	0.8255091309547424	0.9145	0.9068	0.9106
finbert-char-ner	26	22:49:06	1	0.0125	0.35670362548394635	0.8530855178833008	0.9231	0.9153	0.9191
finbert-char-ner	27	22:49:27	2	0.0125	0.32197057433200604	0.8637969493865967	0.9231	0.9153	0.9191
finbert-char-ner	28	22:49:49	3	0.0125	0.3227755842786847	0.8770039081573486	0.9322	0.9322	0.9322
finbert-char-ner	29	22:50:10	4	0.0125	0.3226721625436436	0.8666579723358154	0.9237	0.9237	0.9237
finbert-char-ner	30	22:50:32	1	0.0063	0.3233564342513229	0.849453330039978	0.9231	0.9153	0.9191
finbert-char-ner	31	22:50:53	2	0.0063	0.33474277637221594	0.8475265502929688	0.9231	0.9153	0.9191
finbert-char-ner	32	22:51:14	3	0.0063	0.3560156722863515	0.8527945876121521	0.9145	0.9068	0.9106
finbert-char-ner	33	22:51:36	4	0.0063	0.3571141000949975	0.8463042974472046	0.9231	0.9153	0.9191
finbert-char-ner	34	22:51:58	1	0.0031	0.3328321779316122	0.8567391037940979	0.9145	0.9068	0.9106
finbert-char-ner	35	22:52:19	2	0.0031	0.28929844769564544	0.8583225607872009	0.9145	0.9068	0.9106
finbert-char-ner	36	22:52:40	3	0.0031	0.3261669232989802	0.8522143959999084	0.9145	0.9068	0.9106
finbert-char-ner	37	22:53:02	4	0.0031	0.28974944398258673	0.8610244989395142	0.9145	0.9068	0.9106
finbert-char-ner	38	22:53:23	1	0.0016	0.3433547724377025	0.8598308563232422	0.9145	0.9068	0.9106
finbert-char-ner	39	22:53:44	2	0.0016	0.3248580170400215	0.8581836223602295	0.9145	0.9068	0.9106
finbert-char-ner	40	22:54:06	3	0.0016	0.2955369719050147	0.8652621507644653	0.9231	0.9153	0.9191
finbert-char-ner	41	22:54:27	4	0.0016	0.2916363283540263	0.8654147982597351	0.9145	0.9068	0.9106
finbert-char-ner	42	22:54:48	1	0.0008	0.32745331209717377	0.864383339881897	0.9145	0.9068	0.9106
finbert-char-ner	43	22:55:06	2	0.0008	0.28387188414732617	0.8660851716995239	0.9145	0.9068	0.9106
finbert-char-ner	44	22:55:25	3	0.0008	0.3470908584016742	0.8648924231529236	0.9145	0.9068	0.9106
finbert-char-ner	45	22:55:44	4	0.0008	0.34566322872132965	0.8633628487586975	0.9145	0.9068	0.9106
finbert-char-ner	46	22:56:02	1	0.0004	0.3001012449914759	0.8632887601852417	0.9145	0.9068	0.9106
finbert-char-ner	47	22:56:20	2	0.0004	0.28671918854568945	0.8637334108352661	0.9145	0.9068	0.9106
finbert-char-ner	48	22:56:39	3	0.0004	0.29095373460740753	0.8638900518417358	0.9145	0.9068	0.9106
finbert-char-ner	49	22:56:57	4	0.0004	0.2850922951192567	0.8642424941062927	0.9145	0.9068	0.9106
finbert-char-ner	50	22:57:15	1	0.0002	0.31556282034426025	0.8648412823677063	0.9145	0.9068	0.9106
finbert-char-ner	51	22:57:34	2	0.0002	0.3140037100423466	0.8647095561027527	0.9145	0.9068	0.9106
finbert-char-ner	52	22:57:52	3	0.0002	0.2767497147574569	0.864783763885498	0.9145	0.9068	0.9106
finbert-char-ner	53	22:58:10	4	0.0002	0.2984019694003192	0.8657376766204834	0.9145	0.9068	0.9106
finbert-ner	1	22:58:41	0	0.1000	11.476380667903207	2.339221477508545	0.7788	0.6864	0.7297
finbert-ner	2	22:58:49	0	0.1000	3.1908620126319653	2.072023391723633	0.7252	0.8051	0.7631
finbert-ner	3	22:58:56	0	0.1000	2.2584802255486	1.0393954515457153	0.8814	0.8814	0.8814
finbert-ner	4	22:59:04	0	0.1000	1.7221024397647742	0.9365212321281433	0.9060	0.8983	0.9021
finbert-ner	5	22:59:12	1	0.1000	1.5649878256248706	1.1166423559188843	0.9279	0.8729	0.8996
finbert-ner	6	22:59:19	0	0.1000	1.3612812585902936	0.8542627096176147	0.9224	0.9068	0.9145
finbert-ner	7	22:59:26	1	0.1000	1.158308780554569	0.9031778573989868	0.9224	0.9068	0.9145
finbert-ner	8	22:59:33	0	0.1000	0.9863951942234328	0.8592442274093628	0.9464	0.8983	0.9217
finbert-ner	9	22:59:41	0	0.1000	1.0242556414820931	0.8773232698440552	0.9474	0.9153	0.9310
finbert-ner	10	22:59:48	1	0.1000	0.9261576930681864	0.8483095169067383	0.9224	0.9068	0.9145
finbert-ner	11	22:59:55	2	0.1000	0.834465020533764	0.9753880500793457	0.8992	0.9068	0.9030
finbert-ner	12	23:00:02	0	0.1000	0.7360084147164316	0.8726420402526855	0.9478	0.9237	0.9356
finbert-ner	13	23:00:09	1	0.1000	0.8291636637666009	0.8400939702987671	0.9386	0.9068	0.9224
finbert-ner	14	23:00:16	2	0.1000	0.7085338839978883	0.761137068271637	0.9304	0.9068	0.9185
finbert-ner	15	23:00:23	3	0.1000	0.6365155180295309	1.0478904247283936	0.9633	0.8898	0.9251
finbert-ner	16	23:00:30	0	0.1000	0.5840739339138522	0.8681227564811707	0.9483	0.9322	0.9402
finbert-ner	17	23:00:37	1	0.1000	0.690898392236594	0.8226630687713623	0.9068	0.9068	0.9068
finbert-ner	18	23:00:44	2	0.1000	0.5031246389403488	0.811760663986206	0.9145	0.9068	0.9106
finbert-ner	19	23:00:51	3	0.1000	0.487088577765407	0.7506228685379028	0.9304	0.9068	0.9185
finbert-ner	20	23:00:58	4	0.1000	0.4673371242754387	0.7360692620277405	0.9145	0.9068	0.9106
finbert-ner	21	23:01:05	0	0.0500	0.44025800535173126	0.8204069137573242	0.9483	0.9322	0.9402
finbert-ner	22	23:01:12	0	0.0500	0.3663018625794035	0.8182955384254456	0.9565	0.9322	0.9442
finbert-ner	23	23:01:21	1	0.0500	0.35600826640923816	0.7471653819084167	0.9231	0.9153	0.9191
finbert-ner	24	23:01:28	2	0.0500	0.35479250121297257	0.7796396017074585	0.9153	0.9153	0.9153
finbert-ner	25	23:01:35	3	0.0500	0.3802229274402965	0.8037785887718201	0.9483	0.9322	0.9402
finbert-ner	26	23:01:41	4	0.0500	0.36528519292672473	0.8184119462966919	0.9231	0.9153	0.9191
finbert-ner	27	23:01:48	1	0.0250	0.27651151247096784	0.8309191465377808	0.9397	0.9237	0.9316
finbert-ner	28	23:01:56	2	0.0250	0.2811703212333448	0.8447678685188293	0.9478	0.9237	0.9356
finbert-ner	29	23:02:03	0	0.0250	0.3054978292096745	0.8147847652435303	0.9487	0.9407	0.9447
finbert-ner	30	23:02:11	0	0.0250	0.3118320428060763	0.8125563263893127	0.9487	0.9407	0.9447
finbert-ner	31	23:02:19	1	0.0250	0.3045201080315041	0.8287267684936523	0.9316	0.9237	0.9277
finbert-ner	32	23:02:26	2	0.0250	0.2930037302501274	0.8250945210456848	0.9407	0.9407	0.9407
finbert-ner	33	23:02:33	3	0.0250	0.29938815714734973	0.8212958574295044	0.9483	0.9322	0.9402
finbert-ner	34	23:02:40	4	0.0250	0.30426588925448333	0.890053927898407	0.9483	0.9322	0.9402
finbert-ner	35	23:02:47	1	0.0125	0.24609366872093894	0.8715438842773438	0.9397	0.9237	0.9316
finbert-ner	36	23:02:55	2	0.0125	0.25924487953836267	0.8282860517501831	0.9407	0.9407	0.9407
finbert-ner	37	23:03:02	3	0.0125	0.2578905987920183	0.8530020713806152	0.9483	0.9322	0.9402
finbert-ner	38	23:03:09	4	0.0125	0.23812676187266002	0.8463163375854492	0.9483	0.9322	0.9402
finbert-ner	39	23:03:16	1	0.0063	0.2527512320966432	0.8555689454078674	0.9483	0.9322	0.9402
finbert-ner	40	23:03:23	2	0.0063	0.26312857708244614	0.8365969061851501	0.9483	0.9322	0.9402
finbert-ner	41	23:03:30	3	0.0063	0.2904689795140064	0.8246675133705139	0.9402	0.9322	0.9362
finbert-ner	42	23:03:37	4	0.0063	0.292427174521215	0.8328462839126587	0.9483	0.9322	0.9402
finbert-ner	43	23:03:44	1	0.0031	0.2100188501856544	0.847088098526001	0.9483	0.9322	0.9402
finbert-ner	44	23:03:51	2	0.0031	0.26833261368852673	0.8496599197387695	0.9483	0.9322	0.9402
finbert-ner	45	23:03:58	3	0.0031	0.2517078369855881	0.8407807350158691	0.9483	0.9322	0.9402
finbert-ner	46	23:04:05	4	0.0031	0.2267349325120449	0.846349835395813	0.9483	0.9322	0.9402
finbert-ner	47	23:04:12	1	0.0016	0.23103146300171362	0.8429754376411438	0.9483	0.9322	0.9402
finbert-ner	48	23:04:19	2	0.0016	0.25352120805870404	0.8430724143981934	0.9483	0.9322	0.9402
finbert-ner	49	23:04:27	3	0.0016	0.2307261616894693	0.8400189876556396	0.9483	0.9322	0.9402
finbert-ner	50	23:04:34	4	0.0016	0.2696745596600301	0.8455699682235718	0.9483	0.9322	0.9402
finbert-ner	51	23:04:41	1	0.0008	0.265826704827222	0.8435349464416504	0.9483	0.9322	0.9402
finbert-ner	52	23:04:48	2	0.0008	0.20415773107246918	0.8465431332588196	0.9483	0.9322	0.9402
finbert-ner	53	23:04:55	3	0.0008	0.2508665239720633	0.8491635918617249	0.9483	0.9322	0.9402
finbert-ner	54	23:05:02	4	0.0008	0.2668589936061339	0.8517025113105774	0.9483	0.9322	0.9402
finbert-ner	55	23:05:09	1	0.0004	0.2660533727118463	0.8527613878250122	0.9483	0.9322	0.9402
finbert-ner	56	23:05:16	2	0.0004	0.2144200223864931	0.8515109419822693	0.9483	0.9322	0.9402
finbert-ner	57	23:05:23	3	0.0004	0.25156502290205524	0.8520069718360901	0.9483	0.9322	0.9402
finbert-ner	58	23:05:30	4	0.0004	0.2584436242327546	0.8511738777160645	0.9483	0.9322	0.9402
finbert-ner	59	23:05:37	1	0.0002	0.22892100680055041	0.8515620827674866	0.9483	0.9322	0.9402
finbert-ner	60	23:05:44	2	0.0002	0.2206476547501304	0.8511504530906677	0.9483	0.9322	0.9402
finbert-ner	61	23:05:50	3	0.0002	0.26899933769847406	0.8528428673744202	0.9483	0.9322	0.9402
finbert-ner	62	23:05:57	4	0.0002	0.2318691128131115	0.8535013198852539	0.9483	0.9322	0.9402
flair-ner	1	23:06:21	0	0.1000	12.282391182400964	3.1591765880584717	0.6000	0.3559	0.4468
flair-ner	2	23:06:29	0	0.1000	3.2108287161046807	1.5268640518188477	0.7402	0.7966	0.7673
flair-ner	3	23:06:37	0	0.1000	2.170975013212724	1.173380732536316	0.8197	0.8475	0.8333
flair-ner	4	23:06:45	0	0.1000	1.6777171510638613	0.8786494731903076	0.8898	0.8898	0.8898
flair-ner	5	23:06:54	1	0.1000	1.4923469442309756	0.7909736633300781	0.8824	0.8898	0.8861
flair-ner	6	23:07:02	0	0.1000	1.2399912006927258	0.8973599076271057	0.9369	0.8814	0.9083
flair-ner	7	23:07:10	0	0.1000	1.0385705797058162	0.9784046411514282	0.9455	0.8814	0.9123
flair-ner	8	23:07:18	0	0.1000	0.9438856009281043	0.6579440832138062	0.9153	0.9153	0.9153
flair-ner	9	23:07:27	1	0.1000	1.0133898547201445	0.7949866652488708	0.9145	0.9068	0.9106
flair-ner	10	23:07:35	0	0.1000	0.8273936920996868	0.7557855248451233	0.9391	0.9153	0.9270
flair-ner	11	23:07:43	1	0.1000	0.826941700595798	0.7357705235481262	0.9310	0.9153	0.9231
flair-ner	12	23:07:50	2	0.1000	0.6739127419211648	0.7968282699584961	0.9310	0.9153	0.9231
flair-ner	13	23:07:57	3	0.1000	0.7355051934719086	0.8213335275650024	0.9310	0.9153	0.9231
flair-ner	14	23:08:05	4	0.1000	0.6968701892729962	0.7213225364685059	0.9068	0.9068	0.9068
flair-ner	15	23:08:13	0	0.0500	0.5448695448311892	0.7881214618682861	0.9732	0.9237	0.9478
flair-ner	16	23:08:21	1	0.0500	0.5701809724171957	0.7039384245872498	0.9316	0.9237	0.9277
flair-ner	17	23:08:28	2	0.0500	0.4729298926664121	0.730669379234314	0.9316	0.9237	0.9277
flair-ner	18	23:08:36	3	0.0500	0.5026439803116249	0.788929283618927	0.9316	0.9237	0.9277
flair-ner	19	23:08:44	4	0.0500	0.5574451793323864	0.7367169260978699	0.9478	0.9237	0.9356
flair-ner	20	23:08:51	1	0.0250	0.4631598379575845	0.7687726616859436	0.9646	0.9237	0.9437
flair-ner	21	23:08:59	2	0.0250	0.4633592872908621	0.6928884387016296	0.9237	0.9237	0.9237
flair-ner	22	23:09:06	3	0.0250	0.4274959085565625	0.7642800211906433	0.9646	0.9237	0.9437
flair-ner	23	23:09:14	4	0.0250	0.4489204761656848	0.7398553490638733	0.9561	0.9237	0.9397
flair-ner	24	23:09:21	1	0.0125	0.4720399704846469	0.7434706687927246	0.9561	0.9237	0.9397
flair-ner	25	23:09:29	2	0.0125	0.41119684414430097	0.7502246499061584	0.9561	0.9237	0.9397
flair-ner	26	23:09:36	3	0.0125	0.39353589939348627	0.7607274055480957	0.9646	0.9237	0.9437
flair-ner	27	23:09:44	4	0.0125	0.4663686354955037	0.7398002743721008	0.9561	0.9237	0.9397
flair-ner	28	23:09:51	1	0.0063	0.3652936883948066	0.7573288083076477	0.9646	0.9237	0.9437
flair-ner	29	23:09:59	2	0.0063	0.3827692446383563	0.7499141097068787	0.9646	0.9237	0.9437
flair-ner	30	23:10:07	3	0.0063	0.36802451357696997	0.7568669319152832	0.9646	0.9237	0.9437
flair-ner	31	23:10:14	4	0.0063	0.39344296310887195	0.7434133291244507	0.9561	0.9237	0.9397
flair-ner	32	23:10:22	1	0.0031	0.3357903930273923	0.7481275796890259	0.9561	0.9237	0.9397
flair-ner	33	23:10:30	2	0.0031	0.404041947740497	0.7532917857170105	0.9561	0.9237	0.9397
flair-ner	34	23:10:38	3	0.0031	0.37651782911835296	0.7461962699890137	0.9561	0.9237	0.9397
flair-ner	35	23:10:46	4	0.0031	0.3644975270285751	0.7515555620193481	0.9646	0.9237	0.9437
flair-ner	36	23:10:53	1	0.0016	0.35813849396777875	0.7475431561470032	0.9646	0.9237	0.9437
flair-ner	37	23:11:01	2	0.0016	0.37911755207813147	0.7512840032577515	0.9646	0.9237	0.9437
flair-ner	38	23:11:08	3	0.0016	0.3616343122540098	0.754482090473175	0.9646	0.9237	0.9437
flair-ner	39	23:11:16	4	0.0016	0.3810700498747103	0.7577905058860779	0.9646	0.9237	0.9437
flair-ner	40	23:11:23	1	0.0008	0.3170267406738166	0.7644355893135071	0.9646	0.9237	0.9437
flair-ner	41	23:11:31	2	0.0008	0.3642329785859946	0.7600507140159607	0.9646	0.9237	0.9437
flair-ner	42	23:11:38	3	0.0008	0.32341451581680414	0.7565644979476929	0.9646	0.9237	0.9437
flair-ner	43	23:11:46	4	0.0008	0.3411879553036256	0.7588263750076294	0.9646	0.9237	0.9437
flair-ner	44	23:11:54	1	0.0004	0.36097899169632885	0.7575185298919678	0.9646	0.9237	0.9437
flair-ner	45	23:12:01	2	0.0004	0.39101170003414154	0.7550849914550781	0.9646	0.9237	0.9437
flair-ner	46	23:12:09	3	0.0004	0.3379369500008496	0.7559274435043335	0.9646	0.9237	0.9437
flair-ner	47	23:12:16	4	0.0004	0.3839785267006267	0.7556216716766357	0.9646	0.9237	0.9437
flair-ner	48	23:12:24	1	0.0002	0.39871803242148773	0.754819929599762	0.9646	0.9237	0.9437
flair-ner	49	23:12:32	2	0.0002	0.35314275685584906	0.7543618083000183	0.9646	0.9237	0.9437
flair-ner	50	23:12:39	3	0.0002	0.3456238873980262	0.7539750337600708	0.9646	0.9237	0.9437
flair-ner	51	23:12:47	4	0.0002	0.415580944129915	0.7537294030189514	0.9646	0.9237	0.9437
glove-char-ner	1	23:12:58	0	0.1000	9.215679563356169	3.1251351833343506	0.9398	0.6610	0.7761
glove-char-ner	2	23:13:08	0	0.1000	3.302520322077202	2.0403900146484375	0.9245	0.8305	0.8750
glove-char-ner	3	23:13:17	0	0.1000	2.3532002053477545	1.436333179473877	0.8678	0.8898	0.8787
glove-char-ner	4	23:13:27	1	0.1000	1.9902398604335207	1.2799749374389648	0.8583	0.8729	0.8655
glove-char-ner	5	23:13:34	0	0.1000	1.6577133427966724	1.3206112384796143	0.8760	0.8983	0.8870
glove-char-ner	6	23:13:44	0	0.1000	1.4267412695017727	1.1684426069259644	0.8908	0.8983	0.8945
glove-char-ner	7	23:13:53	0	0.1000	1.1940410191362554	1.0371077060699463	0.9060	0.8983	0.9021
glove-char-ner	8	23:14:03	0	0.1000	1.054730677243435	1.116456389427185	0.9231	0.9153	0.9191
glove-char-ner	9	23:14:12	0	0.1000	1.0449430779977278	0.9705999493598938	0.9391	0.9153	0.9270
glove-char-ner	10	23:14:22	0	0.1000	0.9924748846978853	0.9638530015945435	0.9391	0.9153	0.9270
glove-char-ner	11	23:14:31	1	0.1000	0.9159816033912428	0.9880731105804443	0.9217	0.8983	0.9099
glove-char-ner	12	23:14:38	2	0.1000	0.7424414970658042	1.0706087350845337	0.9160	0.9237	0.9198
glove-char-ner	13	23:14:45	3	0.1000	0.6626632091673937	0.9452704191207886	0.9231	0.9153	0.9191
glove-char-ner	14	23:14:52	4	0.1000	0.6163353251688408	1.0005395412445068	0.9068	0.9068	0.9068
glove-char-ner	15	23:14:59	0	0.0500	0.6416246629122532	0.9751672148704529	0.9397	0.9237	0.9316
glove-char-ner	16	23:15:09	0	0.0500	0.5093636228279634	0.9872439503669739	0.9483	0.9322	0.9402
glove-char-ner	17	23:15:18	1	0.0500	0.45661771161989734	0.9740989208221436	0.9145	0.9068	0.9106
glove-char-ner	18	23:15:25	2	0.0500	0.4481827345761386	1.0187947750091553	0.9310	0.9153	0.9231
glove-char-ner	19	23:15:32	3	0.0500	0.5000439954526497	0.9565165638923645	0.9381	0.8983	0.9177
glove-char-ner	20	23:15:39	4	0.0500	0.39994094407919684	1.0530847311019897	0.9402	0.9322	0.9362
glove-char-ner	21	23:15:45	1	0.0250	0.3939866545525464	0.9840428829193115	0.9231	0.9153	0.9191
glove-char-ner	22	23:15:52	2	0.0250	0.38231976104505133	0.9686217308044434	0.9316	0.9237	0.9277
glove-char-ner	23	23:15:59	3	0.0250	0.36377030927123444	1.0027867555618286	0.9224	0.9068	0.9145
glove-char-ner	24	23:16:06	4	0.0250	0.3324649582306544	1.0003843307495117	0.9153	0.9153	0.9153
glove-char-ner	25	23:16:13	1	0.0125	0.36320545050230896	1.018568754196167	0.9145	0.9068	0.9106
glove-char-ner	26	23:16:20	2	0.0125	0.36606110722729657	0.98362135887146	0.9237	0.9237	0.9237
glove-char-ner	27	23:16:27	3	0.0125	0.35242680844032404	0.9958075881004333	0.9316	0.9237	0.9277
glove-char-ner	28	23:16:34	4	0.0125	0.34119970735275384	0.9960008859634399	0.9316	0.9237	0.9277
glove-char-ner	29	23:16:41	1	0.0063	0.3142939945965102	0.9963118433952332	0.9237	0.9237	0.9237
glove-char-ner	30	23:16:48	2	0.0063	0.3251054002480073	1.0066238641738892	0.9316	0.9237	0.9277
glove-char-ner	31	23:16:54	3	0.0063	0.3081267661217487	1.0123662948608398	0.9316	0.9237	0.9277
glove-char-ner	32	23:17:02	4	0.0063	0.36165068411465845	0.9892430901527405	0.9316	0.9237	0.9277
glove-char-ner	33	23:17:08	1	0.0031	0.2971870041254795	1.002271056175232	0.9316	0.9237	0.9277
glove-char-ner	34	23:17:15	2	0.0031	0.32007713796514453	1.014786958694458	0.9310	0.9153	0.9231
glove-char-ner	35	23:17:22	3	0.0031	0.28356821383490705	1.0071295499801636	0.9316	0.9237	0.9277
glove-char-ner	36	23:17:29	4	0.0031	0.3308431822242159	1.016649603843689	0.9310	0.9153	0.9231
glove-char-ner	37	23:17:36	1	0.0016	0.2941914385918415	1.0168943405151367	0.9310	0.9153	0.9231
glove-char-ner	38	23:17:44	2	0.0016	0.33026383275335486	1.0174314975738525	0.9310	0.9153	0.9231
glove-char-ner	39	23:17:51	3	0.0016	0.2823477437098821	1.0110068321228027	0.9316	0.9237	0.9277
glove-char-ner	40	23:17:57	4	0.0016	0.30480588340398035	1.0119317770004272	0.9316	0.9237	0.9277
glove-char-ner	41	23:18:04	1	0.0008	0.29718050902540033	1.0118074417114258	0.9316	0.9237	0.9277
glove-char-ner	42	23:18:11	2	0.0008	0.3531722336104422	1.011229157447815	0.9316	0.9237	0.9277
glove-char-ner	43	23:18:18	3	0.0008	0.32482552167141077	1.0121800899505615	0.9231	0.9153	0.9191
glove-char-ner	44	23:18:25	4	0.0008	0.29417082622195734	1.012683629989624	0.9231	0.9153	0.9191
glove-char-ner	45	23:18:32	1	0.0004	0.2899551240332199	1.0133534669876099	0.9231	0.9153	0.9191
glove-char-ner	46	23:18:39	2	0.0004	0.296714598030755	1.0145630836486816	0.9231	0.9153	0.9191
glove-char-ner	47	23:18:46	3	0.0004	0.3011603414109259	1.015868067741394	0.9231	0.9153	0.9191
glove-char-ner	48	23:18:52	4	0.0004	0.3222150066585252	1.0160318613052368	0.9231	0.9153	0.9191
glove-char-ner	49	23:18:59	1	0.0002	0.35237533666870813	1.0159803628921509	0.9310	0.9153	0.9231
glove-char-ner	50	23:19:06	2	0.0002	0.33042426226717053	1.0153594017028809	0.9231	0.9153	0.9191
glove-char-ner	51	23:19:13	3	0.0002	0.2945443220210798	1.015278697013855	0.9231	0.9153	0.9191
glove-char-ner	52	23:19:20	4	0.0002	0.34477293626828626	1.0153138637542725	0.9231	0.9153	0.9191
roberta-ner	1	23:14:15	0	0.1000	11.688004851341248	6.175521373748779	0.0000	0.0000	0.0000
roberta-ner	2	23:14:24	0	0.1000	6.354848493229259	4.823631286621094	0.5118	0.5417	0.5263
roberta-ner	3	23:14:34	0	0.1000	4.434675509279424	4.523595809936523	0.9783	0.3750	0.5422
roberta-ner	4	23:14:44	0	0.1000	4.14856032891707	2.455299139022827	0.5903	0.7083	0.6439
roberta-ner	5	23:14:53	0	0.1000	3.4072067286029006	2.0760490894317627	0.6479	0.7667	0.7023
roberta-ner	6	23:15:03	0	0.1000	3.0523804516503303	1.748453974723816	0.7015	0.7833	0.7402
roberta-ner	7	23:15:13	0	0.1000	2.6996645096576577	1.7332391738891602	0.7481	0.8417	0.7922
roberta-ner	8	23:15:22	1	0.1000	2.6707420403307136	1.3153512477874756	0.7805	0.8000	0.7901
roberta-ner	9	23:15:29	2	0.1000	2.431540285999125	1.6661428213119507	0.8036	0.7500	0.7759
roberta-ner	10	23:15:36	3	0.1000	2.1733274459838867	1.6162325143814087	0.7603	0.7667	0.7635
roberta-ner	11	23:15:43	4	0.1000	1.9251792476032719	1.3419294357299805	0.7391	0.8500	0.7907
roberta-ner	12	23:15:50	1	0.0500	1.3412633574370183	1.391182541847229	0.7338	0.8500	0.7876
roberta-ner	13	23:15:57	0	0.0500	1.331092363054102	1.1839808225631714	0.7937	0.8333	0.8130
roberta-ner	14	23:16:07	0	0.0500	1.2249018495733088	1.2231389284133911	0.8168	0.8917	0.8526
roberta-ner	15	23:16:16	1	0.0500	1.1696429198438472	1.4221253395080566	0.7810	0.8917	0.8327
roberta-ner	16	23:16:23	0	0.0500	1.1919598732933854	1.0819554328918457	0.8359	0.8917	0.8629
roberta-ner	17	23:16:33	1	0.0500	1.1167488052989498	1.1362354755401611	0.8154	0.8833	0.8480
roberta-ner	18	23:16:40	0	0.0500	1.1603628098964691	1.1293773651123047	0.8730	0.9167	0.8943
roberta-ner	19	23:16:50	1	0.0500	0.9970631202061971	1.0485860109329224	0.8908	0.8833	0.8870
roberta-ner	20	23:16:57	2	0.0500	1.0079349685798993	1.0249934196472168	0.8651	0.9083	0.8862
roberta-ner	21	23:17:04	3	0.0500	0.9913866845044222	0.9528734683990479	0.9027	0.8500	0.8755
roberta-ner	22	23:17:11	4	0.0500	0.9912103053295251	1.004607915878296	0.8843	0.8917	0.8880
roberta-ner	23	23:17:18	0	0.0250	0.8711385573401595	0.9849822521209717	0.9076	0.9000	0.9038
roberta-ner	24	23:17:27	0	0.0250	0.7512136634552118	0.9640822410583496	0.9083	0.9083	0.9083
roberta-ner	25	23:17:37	0	0.0250	0.7503041128317515	0.9821853637695312	0.9167	0.9167	0.9167
roberta-ner	26	23:17:46	1	0.0250	0.7314450867248304	1.1444430351257324	0.8538	0.9250	0.8880
roberta-ner	27	23:17:53	2	0.0250	0.7174890867688439	1.005502462387085	0.8862	0.9083	0.8971
roberta-ner	28	23:18:00	0	0.0250	0.7406451088009458	1.0214217901229858	0.9106	0.9333	0.9218
roberta-ner	29	23:18:10	0	0.0250	0.6458985796480468	1.0303155183792114	0.9040	0.9417	0.9224
roberta-ner	30	23:18:20	1	0.0250	0.6570284813642502	0.9239380359649658	0.8917	0.8917	0.8917
roberta-ner	31	23:18:27	2	0.0250	0.6998595775979938	1.0458699464797974	0.9174	0.9250	0.9212
roberta-ner	32	23:18:35	0	0.0250	0.6451364304080154	0.966722846031189	0.9180	0.9333	0.9256
roberta-ner	33	23:18:44	1	0.0250	0.6722729467984402	1.3059186935424805	0.8308	0.9000	0.8640
roberta-ner	34	23:18:52	2	0.0250	0.6800944516153047	0.9335673451423645	0.9316	0.9083	0.9198
roberta-ner	35	23:18:59	3	0.0250	0.6569503473513054	1.1043732166290283	0.9024	0.9250	0.9136
roberta-ner	36	23:19:06	4	0.0250	0.6274352263320576	0.9816859364509583	0.9160	0.9083	0.9121
roberta-ner	37	23:19:13	0	0.0125	0.6151225304964817	1.0011212825775146	0.9262	0.9417	0.9339
roberta-ner	38	23:19:22	1	0.0125	0.6077884905266039	1.009122610092163	0.9187	0.9417	0.9300
roberta-ner	39	23:19:30	2	0.0125	0.5743963628104238	1.0582062005996704	0.9106	0.9333	0.9218
roberta-ner	40	23:19:38	3	0.0125	0.576382866411498	1.0580004453659058	0.9187	0.9417	0.9300
roberta-ner	41	23:19:45	4	0.0125	0.5480823367834091	1.0917725563049316	0.9106	0.9333	0.9218
roberta-ner	42	23:19:53	1	0.0063	0.5604186626997861	1.1109479665756226	0.9098	0.9250	0.9174
roberta-ner	43	23:20:00	2	0.0063	0.5261151655153795	1.0942553281784058	0.9106	0.9333	0.9218
roberta-ner	44	23:20:08	3	0.0063	0.5346191588676337	1.0625786781311035	0.9106	0.9333	0.9218
roberta-ner	45	23:20:15	4	0.0063	0.5910491080898227	1.0258290767669678	0.9187	0.9417	0.9300
roberta-ner	46	23:20:22	1	0.0031	0.5326287954142599	1.0706101655960083	0.9113	0.9417	0.9262
roberta-ner	47	23:20:30	0	0.0031	0.494709259632862	1.0659394264221191	0.9194	0.9500	0.9344
roberta-ner	48	23:20:40	1	0.0031	0.49633475054394116	1.0595366954803467	0.9106	0.9333	0.9218
roberta-ner	49	23:20:47	2	0.0031	0.5304701400525642	1.0388290882110596	0.9180	0.9333	0.9256
roberta-ner	50	23:20:55	3	0.0031	0.5387060046195984	1.1011074781417847	0.9032	0.9333	0.9180
roberta-ner	51	23:21:02	4	0.0031	0.5076642935023163	1.0929815769195557	0.9040	0.9417	0.9224
roberta-ner	52	23:21:09	1	0.0016	0.4469850180727063	1.064588189125061	0.9106	0.9333	0.9218
roberta-ner	53	23:21:17	2	0.0016	0.49281294553568866	1.0563108921051025	0.9180	0.9333	0.9256
roberta-ner	54	23:21:24	3	0.0016	0.47887294355667	1.0766522884368896	0.9106	0.9333	0.9218
roberta-ner	55	23:21:31	4	0.0016	0.48498952569383563	1.0830841064453125	0.9106	0.9333	0.9218
roberta-ner	56	23:21:38	1	0.0008	0.4514850599296165	1.0811843872070312	0.9106	0.9333	0.9218
roberta-ner	57	23:21:45	2	0.0008	0.4970275181712526	1.0840080976486206	0.9194	0.9500	0.9344
roberta-ner	58	23:21:53	3	0.0008	0.5036254227161407	1.0745673179626465	0.9187	0.9417	0.9300
roberta-ner	59	23:22:00	4	0.0008	0.46975372776840674	1.0766502618789673	0.9113	0.9417	0.9262
roberta-ner	60	23:22:07	1	0.0004	0.4967081871899692	1.0771872997283936	0.9113	0.9417	0.9262
roberta-ner	61	23:22:13	2	0.0004	0.506476824482282	1.0754075050354004	0.9113	0.9417	0.9262
roberta-ner	62	23:22:20	3	0.0004	0.44201768212246173	1.0772066116333008	0.9194	0.9500	0.9344
roberta-ner	63	23:22:27	4	0.0004	0.48847368133790564	1.0776143074035645	0.9106	0.9333	0.9218
roberta-ner	64	23:22:34	1	0.0002	0.5137696392608412	1.0750854015350342	0.9106	0.9333	0.9218
roberta-ner	65	23:22:41	2	0.0002	0.5127034322781996	1.0793356895446777	0.9194	0.9500	0.9344
roberta-ner	66	23:22:48	3	0.0002	0.5035445473410867	1.0809508562088013	0.9113	0.9417	0.9262
roberta-ner	67	23:22:54	4	0.0002	0.47862046324845514	1.078770637512207	0.9106	0.9333	0.9218

xlnet-ner	1	23:23:51	0	0.1000	9.203180264342915	3.5166168212890625	0.7011	0.5083	0.5894
xlnet-ner	2	23:24:01	0	0.1000	3.5654175317648686	2.2259130477905273	0.8352	0.6333	0.7204
xlnet-ner	3	23:24:11	0	0.1000	2.6796645269249426	1.585504174232483	0.8417	0.8417	0.8417
xlnet-ner	4	23:24:20	1	0.1000	2.3337851771802613	1.6724803447723389	0.7239	0.8083	0.7638
xlnet-ner	5	23:24:27	0	0.1000	1.8710125847296282	1.4308052062988281	0.8609	0.8250	0.8426
xlnet-ner	6	23:24:37	1	0.1000	1.7627451672698513	1.6815540790557861	0.8220	0.8083	0.8151
xlnet-ner	7	23:24:44	0	0.1000	1.5415466644547202	1.1530817747116089	0.8320	0.8667	0.8490
xlnet-ner	8	23:24:53	1	0.1000	1.3255315359794733	1.617513656616211	0.7464	0.8583	0.7984
xlnet-ner	9	23:25:00	0	0.1000	1.3884863871516604	1.110845923423767	0.8268	0.8750	0.8502
xlnet-ner	10	23:25:09	0	0.1000	1.2288210283626209	1.1445591449737549	0.8583	0.8583	0.8583
xlnet-ner	11	23:25:19	0	0.1000	1.1484896504517756	1.0882689952850342	0.8770	0.8917	0.8843
xlnet-ner	12	23:25:29	0	0.1000	1.0975013456561349	1.0851024389266968	0.8710	0.9000	0.8852
xlnet-ner	13	23:25:38	0	0.1000	0.984301847038847	1.3028762340545654	0.9008	0.9083	0.9046
xlnet-ner	14	23:25:48	1	0.1000	0.8940408636223186	1.2355355024337769	0.8629	0.8917	0.8770
xlnet-ner	15	23:25:55	2	0.1000	0.7711652837919466	1.2034921646118164	0.8780	0.9000	0.8889
xlnet-ner	16	23:26:02	0	0.1000	0.9364336602615587	1.0689761638641357	0.9244	0.9167	0.9205
xlnet-ner	17	23:26:12	1	0.1000	0.8015715181827545	1.1514476537704468	0.9167	0.9167	0.9167
xlnet-ner	18	23:26:19	2	0.1000	0.7245958582921461	1.1449463367462158	0.9244	0.9167	0.9205
xlnet-ner	19	23:26:25	3	0.1000	0.6493458025383226	1.2708299160003662	0.9000	0.9000	0.9000
xlnet-ner	20	23:26:32	4	0.1000	0.5604015349438696	1.2452411651611328	0.8871	0.9167	0.9016
xlnet-ner	21	23:26:39	1	0.0500	0.5258211502523134	1.159090280532837	0.9091	0.9167	0.9129
xlnet-ner	22	23:26:46	2	0.0500	0.3898845220153982	1.1834536790847778	0.9024	0.9250	0.9136
xlnet-ner	23	23:26:53	3	0.0500	0.3963298359603593	1.2621111869812012	0.9160	0.9083	0.9121
xlnet-ner	24	23:27:00	4	0.0500	0.4094112813472748	1.206068754196167	0.9008	0.9083	0.9046
xlnet-ner	25	23:27:07	1	0.0250	0.3395556306297129	1.185595154762268	0.8952	0.9250	0.9098
xlnet-ner	26	23:27:14	2	0.0250	0.34544729283361725	1.1646006107330322	0.8934	0.9083	0.9008
xlnet-ner	27	23:27:21	3	0.0250	0.28688898998679535	1.2440824508666992	0.8952	0.9250	0.9098
xlnet-ner	28	23:27:28	4	0.0250	0.3232483240691098	1.2183291912078857	0.8952	0.9250	0.9098
xlnet-ner	29	23:27:35	1	0.0125	0.27620698421290424	1.2215752601623535	0.9024	0.9250	0.9136
xlnet-ner	30	23:27:42	2	0.0125	0.34637183131593646	1.163884162902832	0.8880	0.9250	0.9061
xlnet-ner	31	23:27:49	3	0.0125	0.3200747894518303	1.1881592273712158	0.8952	0.9250	0.9098
xlnet-ner	32	23:27:56	4	0.0125	0.2654255377975377	1.1674103736877441	0.9098	0.9250	0.9174
xlnet-ner	33	23:28:03	1	0.0063	0.3087772356741356	1.180952787399292	0.9024	0.9250	0.9136
xlnet-ner	34	23:28:10	2	0.0063	0.2950636676766656	1.2056478261947632	0.9024	0.9250	0.9136
xlnet-ner	35	23:28:17	3	0.0063	0.31451493908058514	1.2128880023956299	0.9024	0.9250	0.9136
xlnet-ner	36	23:28:24	4	0.0063	0.3157372032151078	1.198690414428711	0.9098	0.9250	0.9174
xlnet-ner	37	23:28:30	1	0.0031	0.3280979665842923	1.1931231021881104	0.9024	0.9250	0.9136
xlnet-ner	38	23:28:38	2	0.0031	0.2589639231111064	1.200485110282898	0.9024	0.9250	0.9136
xlnet-ner	39	23:28:44	3	0.0031	0.2755126655101776	1.1910425424575806	0.8952	0.9250	0.9098
xlnet-ner	40	23:28:51	4	0.0031	0.30139326507394965	1.1845593452453613	0.8952	0.9250	0.9098
xlnet-ner	41	23:28:58	1	0.0016	0.2629150779861392	1.18812096118927	0.8952	0.9250	0.9098
xlnet-ner	42	23:29:05	2	0.0016	0.26499787469704944	1.1928660869598389	0.8952	0.9250	0.9098
xlnet-ner	43	23:29:12	3	0.0016	0.29826150202389917	1.1928277015686035	0.8952	0.9250	0.9098
xlnet-ner	44	23:29:19	4	0.0016	0.2490956907471021	1.2030706405639648	0.9024	0.9250	0.9136
xlnet-ner	45	23:29:26	1	0.0008	0.2893266054716977	1.2041516304016113	0.8952	0.9250	0.9098
xlnet-ner	46	23:29:33	2	0.0008	0.2762381145448396	1.2014626264572144	0.9024	0.9250	0.9136
xlnet-ner	47	23:29:40	3	0.0008	0.25814667931108765	1.205794095993042	0.9024	0.9250	0.9136
xlnet-ner	48	23:29:47	4	0.0008	0.2789161442355676	1.2049325704574585	0.9024	0.9250	0.9136
xlnet-ner	49	23:29:54	1	0.0004	0.3016640796805873	1.2030556201934814	0.9024	0.9250	0.9136
xlnet-ner	50	23:30:02	2	0.0004	0.2829073060191039	1.2016247510910034	0.8952	0.9250	0.9098
xlnet-ner	51	23:30:08	3	0.0004	0.30357937876022223	1.2013049125671387	0.8952	0.9250	0.9098
xlnet-ner	52	23:30:15	4	0.0004	0.3324860738533916	1.201812982559204	0.8952	0.9250	0.9098
xlnet-ner	53	23:30:22	1	0.0002	0.2705527286637913	1.2018263339996338	0.8952	0.9250	0.9098
xlnet-ner	54	23:30:29	2	0.0002	0.28924435331965936	1.2020289897918701	0.8952	0.9250	0.9098
xlnet-ner	55	23:30:36	3	0.0002	0.26409501988779416	1.2019691467285156	0.8952	0.9250	0.9098
xlnet-ner	56	23:30:43	4	0.0002	0.28816103235338675	1.2012667655944824	0.8952	0.9250	0.9098
